2 0.856132 0.784886 0.005950 0.014167
2 0.021223 0.883926 0.042232 0.166930
2 0.003700 0.814747 0.007399 0.065405
2 0.056405 0.777603 0.008527 0.012572
2 0.058689 0.828909 0.023649 0.097146
2 0.034650 0.869697 0.063098 0.156859
2 0.071053 0.865839 0.054387 0.148986
2 0.100524 0.850611 0.026132 0.117108
2 0.115184 0.844119 0.018383 0.117819
2 0.133717 0.845062 0.026889 0.100818
2 0.151415 0.864069 0.046183 0.143552
2 0.171469 0.838216 0.024916 0.107432
2 0.174812 0.784499 0.007292 0.008500
2 0.182179 0.831604 0.009265 0.084761
2 0.200485 0.848249 0.035245 0.113332
2 0.244388 0.843174 0.025825 0.097516
2 0.270746 0.843056 0.037220 0.118052
2 0.297104 0.842229 0.015191 0.114038
2 0.416021 0.842142 0.043296 0.137337
2 0.462101 0.841356 0.027346 0.133008
2 0.520842 0.800530 0.009874 0.016332
2 0.531538 0.842241 0.036586 0.124150
2 0.556226 0.843916 0.008736 0.112152
2 0.566733 0.849030 0.018102 0.119630
2 0.641930 0.852179 0.022155 0.142846
2 0.628702 0.824337 0.015699 0.097790
2 0.668967 0.864179 0.038976 0.136942
2 0.676238 0.835945 0.015571 0.091491
2 0.688013 0.797971 0.007723 0.015941
2 0.700798 0.861523 0.030257 0.163112
2 0.760742 0.851784 0.030636 0.121201
2 0.853474 0.869788 0.062414 0.147370
2 0.939749 0.857981 0.027854 0.127694
2 0.989687 0.811053 0.020626 0.067291
2 0.996137 0.791182 0.007725 0.015351
2 0.952092 0.800332 0.012785 0.018297
2 0.884174 0.795511 0.017976 0.036207
2 0.870501 0.786658 0.010128 0.021641
2 0.858665 0.795316 0.014812 0.029909
2 0.819102 0.842634 0.020508 0.116676
2 0.837585 0.791575 0.011647 0.018496
2 0.798911 0.846473 0.023927 0.107428
2 0.804101 0.800627 0.011521 0.029514
2 0.768021 0.823253 0.011518 0.074375
2 0.774098 0.807808 0.007976 0.058043
2 0.682272 0.785158 0.011868 0.017902
2 0.618042 0.820264 0.008353 0.032659
2 0.447189 0.805528 0.005686 0.048961
2 0.440473 0.808419 0.008094 0.040461
2 0.361645 0.787740 0.006156 0.012256
2 0.378281 0.788334 0.005544 0.005218
2 0.339767 0.789441 0.008190 0.011230
2 0.317942 0.790033 0.007682 0.010204
2 0.574066 0.808000 0.005656 0.043544
2 0.580708 0.806462 0.008901 0.043544
2 0.596484 0.798008 0.005830 0.019273
2 0.543074 0.788546 0.003443 0.013112
2 0.494362 0.787372 0.003785 0.005696
6 0.348686 0.784410 0.019415 0.010133
2 0.384329 0.785831 0.021393 0.010249
6 0.474333 0.803596 0.106453 0.046003
2 0.548734 0.802559 0.008279 0.024711
0 0.420357 0.814061 0.037666 0.050058
0 0.465167 0.804616 0.035547 0.036361
0 0.500259 0.811109 0.036156 0.043681
0 0.567330 0.798006 0.055450 0.034474
0 0.608423 0.822206 0.037979 0.052655
0 0.353428 0.840141 0.087503 0.095538
0 0.322291 0.808868 0.025977 0.029751
0 0.391868 0.823506 0.038738 0.064221
0 0.256957 0.828922 0.109818 0.086020
2 0.485413 0.791593 0.007340 0.022405
2 0.720674 0.791674 0.008736 0.010818
0 0.359129 0.790332 0.030687 0.007320
2 0.753459 0.787937 0.010259 0.015152
2 0.736435 0.814697 0.014940 0.072210
