6 0.500996 0.629888 0.998008 0.740224
2 0.088472 0.860442 0.039023 0.103019
2 0.041267 0.935667 0.040995 0.123533
2 0.030197 0.897275 0.036497 0.137417
2 0.080964 0.957492 0.028022 0.085015
2 0.108817 0.943183 0.040468 0.113634
2 0.107083 0.986817 0.017297 0.026366
2 0.098002 0.913142 0.016432 0.052416
2 0.112360 0.847551 0.016087 0.056102
2 0.049051 0.868376 0.034075 0.117581
2 0.014888 0.818651 0.028713 0.129768
2 0.042911 0.803918 0.029752 0.088965
2 0.055711 0.791026 0.029752 0.107950
2 0.145744 0.903655 0.036152 0.050991
2 0.140210 0.953384 0.029920 0.093232
2 0.185008 0.910734 0.031653 0.039099
2 0.180425 0.991066 0.032173 0.017868
2 0.220295 0.984825 0.012973 0.029181
2 0.222977 0.902659 0.031827 0.051848
2 0.229030 0.917675 0.017297 0.030885
2 0.240447 0.926177 0.017643 0.022383
2 0.196338 0.893875 0.023523 0.054685
2 0.131905 0.851518 0.022660 0.071400
2 0.097397 0.809019 0.026983 0.082733
2 0.119278 0.796835 0.020237 0.063464
2 0.039451 0.686618 0.014875 0.033999
2 0.051819 0.722035 0.018508 0.068564
2 0.056230 0.680244 0.011417 0.022383
2 0.070587 0.739176 0.009687 0.094349
2 0.085548 0.721044 0.015393 0.022383
2 0.129830 0.726001 0.027157 0.041933
2 0.101548 0.687892 0.016607 0.021250
2 0.131905 0.746402 0.019200 0.033999
2 0.119711 0.758160 0.016952 0.026918
2 0.135538 0.778418 0.025773 0.056667
2 0.150328 0.798535 0.036325 0.069700
2 0.160878 0.878434 0.026983 0.100298
2 0.186825 0.859451 0.023870 0.074234
2 0.171084 0.821201 0.023872 0.058367
2 0.176013 0.796268 0.009513 0.020399
2 0.195733 0.830550 0.018162 0.058933
2 0.213030 0.825310 0.029233 0.060917
2 0.208966 0.860300 0.013492 0.021534
2 0.223409 0.876167 0.032692 0.064035
2 0.232662 0.852509 0.021795 0.046749
2 0.251430 0.874750 0.027157 0.073099
2 0.258609 0.910012 0.037708 0.061455
2 0.271755 0.862992 0.022140 0.068851
2 0.277377 0.900392 0.014357 0.030885
2 0.294674 0.920367 0.031655 0.061766
2 0.286890 0.935242 0.013320 0.029184
2 0.301853 0.927310 0.020412 0.048449
2 0.324767 0.923765 0.028202 0.068550
2 0.260512 0.908892 0.030443 0.060917
2 0.302371 0.878434 0.037708 0.082165
2 0.296922 0.981283 0.017472 0.036265
2 0.303668 0.988792 0.015740 0.022383
2 0.331172 0.977467 0.025773 0.045067
2 0.339215 0.992049 0.011763 0.011900
2 0.352015 0.992058 0.015913 0.015883
2 0.343020 0.950400 0.012453 0.055531
2 0.367928 0.969525 0.041513 0.058084
2 0.396469 0.983550 0.018682 0.032299
2 0.410999 0.966261 0.023872 0.053844
2 0.428382 0.976758 0.037535 0.046484
2 0.455455 0.965284 0.028710 0.069432
2 0.484512 0.971517 0.037362 0.056967
2 0.485896 0.945134 0.046708 0.109732
2 0.452236 0.930288 0.032432 0.066347
2 0.422109 0.930052 0.045405 0.085236
2 0.392488 0.921669 0.021622 0.054778
2 0.391911 0.880587 0.042955 0.102473
2 0.425425 0.857804 0.023783 0.069181
2 0.435659 0.903490 0.028685 0.076497
2 0.475155 0.914705 0.030703 0.051234
2 0.509822 0.956704 0.033730 0.086593
2 0.559985 0.975001 0.034883 0.049997
2 0.551407 0.942921 0.042235 0.076500
2 0.593570 0.961189 0.037477 0.077622
2 0.614038 0.919545 0.026523 0.083109
2 0.630615 0.974412 0.024217 0.051177
2 0.651949 0.981850 0.023928 0.036301
2 0.643228 0.953545 0.017730 0.045332
2 0.665931 0.957325 0.016722 0.037772
2 0.648128 0.920135 0.036757 0.068236
2 0.593426 0.908920 0.024215 0.041553
2 0.686472 0.973350 0.033297 0.053301
2 0.684453 0.947053 0.026090 0.058791
2 0.703120 0.957322 0.028540 0.055250
2 0.737932 0.952336 0.037910 0.095329
2 0.765391 0.980550 0.034305 0.038900
2 0.795301 0.961897 0.034738 0.075730
2 0.810219 0.983737 0.014705 0.032525
2 0.828339 0.972322 0.033875 0.055356
2 0.871367 0.960463 0.031423 0.076028
2 0.887656 0.973266 0.040645 0.053467
2 0.907979 0.945352 0.025368 0.053833
2 0.933348 0.962641 0.025657 0.074717
2 0.955403 0.979877 0.025658 0.040246
2 0.975938 0.873709 0.048123 0.091097
2 0.931756 0.901058 0.027748 0.061193
2 0.953077 0.900270 0.022583 0.053716
2 0.900524 0.898893 0.027268 0.080079
2 0.883227 0.923881 0.027988 0.061979
2 0.914999 0.848327 0.030752 0.054502
2 0.947432 0.850098 0.019700 0.033251
2 0.947011 0.864068 0.021982 0.038367
2 0.930314 0.830815 0.030392 0.076934
2 0.891696 0.853541 0.025225 0.075162
2 0.873260 0.899189 0.039753 0.108217
2 0.842013 0.924275 0.031567 0.144226
2 0.831575 0.950504 0.025467 0.077720
2 0.813137 0.924137 0.029430 0.068275
2 0.791335 0.891377 0.032673 0.083819
2 0.815658 0.879178 0.029670 0.074376
2 0.763046 0.894623 0.030392 0.132419
2 0.783287 0.936731 0.039640 0.067095
2 0.806169 0.947651 0.012372 0.023219
2 0.733497 0.886852 0.035917 0.075162
2 0.722926 0.885172 0.035435 0.098982
2 0.715298 0.951100 0.028108 0.097800
2 0.673136 0.910956 0.023785 0.060797
2 0.614938 0.873276 0.031592 0.066896
2 0.574936 0.841893 0.017895 0.041908
2 0.591514 0.852124 0.018378 0.054895
2 0.544318 0.810648 0.032433 0.084802
2 0.580955 0.797269 0.041803 0.072604
2 0.615309 0.803859 0.024265 0.024791
2 0.453327 0.861115 0.027027 0.083033
2 0.468162 0.840652 0.019220 0.060601
2 0.439813 0.819502 0.015857 0.023808
2 0.438672 0.838292 0.013093 0.024005
2 0.419812 0.815468 0.018138 0.048010
2 0.369962 0.843998 0.024865 0.065719
2 0.354288 0.820781 0.014655 0.023609
2 0.339152 0.805532 0.018980 0.041122
2 0.313566 0.857771 0.027388 0.068078
2 0.322035 0.845375 0.022943 0.082637
2 0.306599 0.812419 0.025945 0.053322
2 0.282754 0.806515 0.024865 0.051354
2 0.241133 0.826486 0.024263 0.079099
2 0.242695 0.777789 0.020900 0.038367
2 0.283295 0.780838 0.030270 0.054698
2 0.307079 0.778969 0.022102 0.040729
2 0.325938 0.791562 0.018740 0.043090
2 0.351524 0.798153 0.012732 0.022826
2 0.356810 0.794414 0.010330 0.032269
2 0.365878 0.796087 0.010930 0.023808
2 0.191103 0.783396 0.016937 0.039743
2 0.181493 0.769130 0.023423 0.046631
2 0.167439 0.710793 0.019098 0.035023
2 0.154226 0.696133 0.014775 0.050961
2 0.188400 0.729092 0.022583 0.062176
2 0.200112 0.772871 0.017657 0.040336
2 0.192424 0.715809 0.020062 0.071029
2 0.211403 0.731944 0.024383 0.065127
2 0.233686 0.745520 0.022102 0.072209
2 0.255908 0.755261 0.030750 0.076342
2 0.275907 0.730370 0.014535 0.058043
2 0.297169 0.747685 0.025345 0.062768
2 0.237229 0.698889 0.015735 0.034431
2 0.210922 0.681672 0.023905 0.061783
2 0.176988 0.688165 0.017537 0.036598
2 0.262754 0.681279 0.028108 0.069257
2 0.251947 0.708726 0.031227 0.051354
2 0.295187 0.710695 0.029790 0.067488
2 0.314887 0.705775 0.021142 0.098971
2 0.334050 0.725154 0.032800 0.105072
2 0.332245 0.696036 0.022463 0.040530
2 0.335307 0.753489 0.018738 0.075556
2 0.353085 0.749357 0.030030 0.073587
2 0.376750 0.760572 0.020420 0.035416
2 0.380713 0.784578 0.025707 0.048796
2 0.372425 0.720336 0.017297 0.047027
2 0.393627 0.726631 0.026307 0.075359
2 0.401975 0.743159 0.029310 0.043090
2 0.427681 0.770607 0.031712 0.073587
2 0.426600 0.747292 0.017057 0.017117
2 0.456991 0.764410 0.031472 0.090311
2 0.450083 0.805532 0.011893 0.030104
2 0.475489 0.795890 0.015135 0.035613
2 0.481855 0.742570 0.029790 0.062765
2 0.463297 0.724861 0.012613 0.032069
2 0.395008 0.700364 0.028108 0.038567
2 0.408822 0.705480 0.018258 0.039746
2 0.419692 0.705972 0.007328 0.015542
2 0.443657 0.672719 0.034113 0.043483
2 0.450685 0.689143 0.023903 0.039732
2 0.448462 0.692690 0.010090 0.014559
2 0.458732 0.691904 0.005647 0.015345
2 0.463177 0.693871 0.007567 0.022823
2 0.494287 0.693280 0.020542 0.046041
2 0.464402 0.663266 0.019520 0.040308
2 0.480584 0.668385 0.015182 0.032233
2 0.511657 0.665180 0.022940 0.038397
2 0.520332 0.686290 0.008925 0.010931
2 0.530176 0.684036 0.012095 0.018447
2 0.533929 0.692296 0.009092 0.015288
2 0.538225 0.709383 0.010677 0.025962
2 0.525171 0.728990 0.012262 0.022544
2 0.534137 0.730082 0.021022 0.026918
2 0.549570 0.716351 0.024023 0.051103
2 0.550029 0.696538 0.020605 0.046186
2 0.544607 0.668733 0.020103 0.049599
2 0.564251 0.699409 0.028028 0.046183
2 0.579809 0.686153 0.019102 0.048916
2 0.573261 0.670167 0.012012 0.026235
2 0.594240 0.658621 0.018603 0.040033
2 0.597243 0.727419 0.020938 0.082258
2 0.616095 0.714984 0.016267 0.062853
2 0.614260 0.758640 0.015267 0.049599
2 0.586441 0.783099 0.012178 0.025280
2 0.600496 0.786855 0.022272 0.042905
2 0.623436 0.775583 0.027612 0.045498
2 0.644874 0.816233 0.027278 0.066405
2 0.657721 0.842671 0.022272 0.029924
2 0.673946 0.841716 0.028028 0.078294
2 0.674947 0.813500 0.026693 0.054655
2 0.701909 0.849316 0.043915 0.158807
2 0.729004 0.849865 0.034135 0.057551
2 0.737563 0.822237 0.026025 0.077720
2 0.763338 0.813957 0.025927 0.078212
2 0.766742 0.817891 0.014915 0.024758
2 0.728103 0.783213 0.009710 0.017707
2 0.740666 0.779933 0.020822 0.040008
2 0.757682 0.755749 0.019018 0.066732
2 0.762938 0.766817 0.018718 0.044597
2 0.777252 0.789363 0.023525 0.063126
2 0.795872 0.813874 0.029930 0.054436
2 0.798374 0.834453 0.021322 0.037548
2 0.820546 0.845520 0.045645 0.076735
2 0.828203 0.795676 0.023723 0.027546
2 0.829155 0.840027 0.023823 0.087720
2 0.844219 0.784196 0.034935 0.070833
2 0.858835 0.842240 0.036937 0.101657
2 0.862438 0.777475 0.016117 0.039023
2 0.868444 0.799117 0.017718 0.040991
2 0.881307 0.819778 0.027027 0.064600
2 0.887614 0.805923 0.021422 0.057551
2 0.898073 0.804036 0.026127 0.084933
2 0.928304 0.802151 0.031132 0.059192
2 0.957533 0.798791 0.023723 0.070177
2 0.948825 0.775015 0.013513 0.032465
2 0.966043 0.758782 0.014915 0.038367
2 0.981308 0.756323 0.019820 0.039678
2 0.996009 0.749600 0.007982 0.058370
2 0.937764 0.753044 0.028628 0.061321
2 0.954431 0.716398 0.023925 0.084442
2 0.965292 0.684915 0.017417 0.041155
2 0.971598 0.670815 0.016417 0.046402
2 0.969946 0.654173 0.017918 0.032135
2 0.941617 0.677456 0.020522 0.053126
2 0.925202 0.678520 0.029930 0.048698
2 0.920397 0.694509 0.025727 0.041974
2 0.922248 0.736729 0.023623 0.064111
2 0.932659 0.702460 0.012212 0.014922
2 0.934160 0.724185 0.016417 0.044597
2 0.904231 0.754272 0.028028 0.059192
2 0.900026 0.755093 0.031832 0.056568
2 0.872248 0.751567 0.023523 0.054764
2 0.854931 0.746813 0.031332 0.060341
2 0.847623 0.731073 0.023123 0.044925
2 0.874651 0.728776 0.024325 0.078376
2 0.898777 0.715003 0.024920 0.080014
2 0.885812 0.671881 0.021220 0.039350
2 0.859085 0.690655 0.022223 0.050663
2 0.844820 0.712872 0.026127 0.052143
2 0.844621 0.696805 0.021722 0.040991
2 0.828904 0.691802 0.022122 0.044106
2 0.808884 0.704182 0.015315 0.036729
2 0.818194 0.671553 0.018518 0.053781
2 0.828503 0.665158 0.013313 0.037382
2 0.804329 0.685983 0.024225 0.040336
2 0.785411 0.675571 0.025425 0.040172
2 0.783108 0.664256 0.035237 0.037876
2 0.789715 0.703937 0.021623 0.044106
2 0.757432 0.684342 0.014115 0.037054
2 0.763338 0.704346 0.019520 0.032465
2 0.797523 0.749438 0.022222 0.065258
2 0.796021 0.731892 0.025225 0.060011
2 0.803278 0.791575 0.029130 0.050172
2 0.739765 0.669668 0.022423 0.050994
2 0.733558 0.686473 0.009610 0.011149
2 0.721297 0.735089 0.013513 0.076571
2 0.710285 0.659584 0.007707 0.014428
2 0.692017 0.642940 0.015015 0.027054
2 0.716392 0.636465 0.029330 0.056402
2 0.689914 0.624659 0.025425 0.049520
2 0.665690 0.713609 0.028830 0.086410
2 0.644719 0.694343 0.008508 0.016396
2 0.633157 0.714102 0.030232 0.073948
2 0.644319 0.756897 0.027528 0.063453
2 0.654529 0.625972 0.021722 0.035416
2 0.676001 0.608344 0.022622 0.055258
2 0.652977 0.611870 0.024625 0.042304
2 0.624120 0.608941 0.010427 0.020497
2 0.617237 0.621579 0.014848 0.023093
2 0.602473 0.621921 0.014013 0.035253
2 0.583996 0.637839 0.025442 0.047958
2 0.584247 0.612970 0.027943 0.053699
2 0.612316 0.592270 0.024692 0.057114
2 0.559305 0.611536 0.017100 0.040718
2 0.565895 0.619870 0.009927 0.019129
2 0.561891 0.656421 0.017602 0.054245
2 0.519598 0.641050 0.025443 0.069137
2 0.530776 0.637565 0.015598 0.058892
2 0.533362 0.610921 0.019937 0.034297
2 0.535906 0.596985 0.021855 0.052331
2 0.555926 0.591246 0.021688 0.057524
2 0.521142 0.594046 0.011010 0.028419
2 0.503416 0.627318 0.011262 0.037300
2 0.489192 0.646037 0.021022 0.058616
2 0.470883 0.648702 0.010095 0.024595
2 0.461707 0.634902 0.028613 0.062580
2 0.432510 0.637019 0.016933 0.037030
2 0.448568 0.641529 0.017683 0.053426
2 0.440977 0.660999 0.008842 0.018307
2 0.486440 0.608189 0.013013 0.034843
2 0.515636 0.567402 0.011012 0.015575
2 0.526146 0.577308 0.008508 0.022817
2 0.484312 0.586190 0.014098 0.044682
2 0.467838 0.592749 0.021522 0.043314
2 0.452739 0.605319 0.022855 0.037300
2 0.433220 0.610580 0.025527 0.046729
2 0.412741 0.607574 0.021772 0.047002
2 0.419789 0.670905 0.014848 0.062443
2 0.399770 0.664414 0.039540 0.081436
2 0.366569 0.665781 0.015348 0.050830
2 0.373910 0.656559 0.007673 0.019812
2 0.390560 0.612752 0.012930 0.022408
2 0.404449 0.614324 0.016182 0.033475
2 0.403573 0.636800 0.013930 0.030063
2 0.371291 0.606945 0.014932 0.032110
2 0.369122 0.620745 0.016933 0.047142
2 0.383261 0.623410 0.015682 0.021316
2 0.381175 0.588636 0.013013 0.025277
2 0.380133 0.601822 0.011762 0.024595
2 0.371500 0.586560 0.010717 0.016227
2 0.346455 0.588198 0.028357 0.052880
2 0.364810 0.568044 0.016517 0.036345
2 0.380408 0.575560 0.008510 0.014210
2 0.347625 0.615526 0.014347 0.036757
2 0.353256 0.630556 0.017768 0.034024
2 0.336064 0.631500 0.024385 0.035220
2 0.320448 0.658553 0.013093 0.027546
2 0.307956 0.656093 0.018618 0.022626
2 0.299368 0.568733 0.017298 0.054895
2 0.304833 0.558010 0.009250 0.016921
2 0.318469 0.583496 0.008405 0.015531
2 0.323933 0.574144 0.007808 0.018100
2 0.277866 0.583097 0.016095 0.030890
2 0.283512 0.596477 0.013693 0.015149
2 0.272641 0.599823 0.014535 0.021840
2 0.286155 0.568438 0.012973 0.041321
2 0.273421 0.561158 0.011532 0.015348
2 0.265494 0.556634 0.011292 0.032269
2 0.256184 0.563028 0.017658 0.043483
2 0.243392 0.599525 0.027387 0.027546
2 0.246635 0.650486 0.019220 0.060994
2 0.233361 0.674884 0.027988 0.058242
2 0.226153 0.657471 0.016457 0.034040
2 0.222310 0.649700 0.014293 0.040137
2 0.237085 0.632090 0.019580 0.040336
2 0.204292 0.655799 0.026547 0.042501
2 0.240568 0.567454 0.023663 0.046828
2 0.217746 0.612808 0.022702 0.050568
2 0.196845 0.633271 0.026787 0.086770
2 0.166574 0.658062 0.021982 0.069064
2 0.154803 0.676556 0.018378 0.040336
2 0.205072 0.592245 0.014175 0.030693
2 0.220088 0.600216 0.018498 0.037188
2 0.189577 0.613594 0.016337 0.048204
2 0.182911 0.622842 0.014775 0.043483
2 0.179367 0.647437 0.017778 0.060797
2 0.153001 0.651175 0.005405 0.009247
2 0.122069 0.630318 0.021382 0.058043
2 0.113541 0.659537 0.029308 0.069257
2 0.012594 0.599997 0.020035 0.114993
2 0.036383 0.602002 0.024933 0.105304
2 0.059585 0.616168 0.018883 0.100112
2 0.060025 0.589135 0.017167 0.120180
2 0.073505 0.574518 0.016577 0.096609
2 0.077649 0.535756 0.015255 0.063552
2 0.101312 0.578945 0.019338 0.100740
2 0.100231 0.567435 0.021502 0.093855
2 0.138911 0.593013 0.035435 0.078507
2 0.143415 0.577174 0.022823 0.077914
2 0.181793 0.562319 0.018620 0.081657
2 0.193925 0.595079 0.016697 0.041319
2 0.199451 0.563991 0.018858 0.048010
2 0.203175 0.550711 0.016217 0.034827
2 0.108219 0.516672 0.013935 0.081654
2 0.119090 0.533691 0.015737 0.101529
2 0.147089 0.515868 0.031932 0.087396
2 0.175517 0.510950 0.021122 0.075261
2 0.184727 0.518574 0.014313 0.065588
2 0.202244 0.493406 0.010112 0.020167
2 0.208451 0.497176 0.011512 0.011643
2 0.210602 0.543086 0.031032 0.051321
2 0.220312 0.584980 0.023023 0.048534
2 0.227319 0.521115 0.013815 0.040500
2 0.237880 0.493979 0.019920 0.032135
2 0.254647 0.492913 0.010610 0.020497
2 0.263356 0.474795 0.021422 0.023612
2 0.268461 0.486929 0.011812 0.018034
2 0.276519 0.553580 0.010912 0.024103
2 0.288681 0.530543 0.014215 0.012132
2 0.286679 0.539151 0.017218 0.020824
2 0.328872 0.542020 0.006907 0.015086
2 0.358152 0.552432 0.016817 0.033612
2 0.366259 0.541365 0.009008 0.020988
2 0.373717 0.532265 0.013913 0.022138
2 0.374668 0.554974 0.016215 0.038040
2 0.386480 0.537594 0.006207 0.013118
2 0.391083 0.523984 0.020020 0.036399
2 0.391785 0.575715 0.011010 0.015902
2 0.402345 0.533167 0.009510 0.018034
2 0.416670 0.588291 0.016017 0.038859
2 0.424978 0.574929 0.012813 0.025577
2 0.438592 0.578863 0.016417 0.040991
2 0.446900 0.562877 0.016817 0.042140
2 0.455358 0.551727 0.010710 0.029023
2 0.466921 0.573208 0.021222 0.043778
2 0.434087 0.536807 0.020822 0.041155
2 0.452957 0.531806 0.016917 0.035089
2 0.481435 0.550087 0.008810 0.030991
2 0.492392 0.520575 0.012320 0.018856
2 0.492697 0.516230 0.023923 0.032793
2 0.513668 0.539593 0.009408 0.015577
2 0.521626 0.554023 0.011112 0.023448
2 0.525629 0.541398 0.011712 0.020497
2 0.536740 0.537790 0.013313 0.017873
2 0.534088 0.511802 0.018418 0.031810
2 0.539894 0.527871 0.011012 0.021971
2 0.552156 0.523115 0.015515 0.032465
2 0.552457 0.505325 0.016717 0.033287
2 0.539843 0.500571 0.010510 0.032957
2 0.567522 0.530822 0.017017 0.043615
2 0.583688 0.580913 0.036137 0.057551
2 0.576781 0.593210 0.014315 0.057226
2 0.573078 0.524590 0.010912 0.040336
2 0.605059 0.540004 0.012012 0.034761
2 0.608363 0.523690 0.014015 0.057224
2 0.621276 0.538283 0.016015 0.026399
2 0.624078 0.557221 0.014013 0.016396
2 0.633888 0.541234 0.018620 0.047060
2 0.650405 0.542135 0.016017 0.054436
2 0.649603 0.512458 0.006807 0.013118
2 0.658112 0.530740 0.010612 0.029020
2 0.666271 0.526477 0.015315 0.029023
2 0.665420 0.553941 0.015017 0.035744
2 0.667122 0.582143 0.014013 0.050827
2 0.654259 0.592472 0.021522 0.040991
2 0.680235 0.575830 0.015217 0.035908
2 0.687392 0.579765 0.011712 0.042468
2 0.680636 0.540168 0.021022 0.040008
2 0.690996 0.533937 0.008908 0.032793
2 0.698703 0.599604 0.020920 0.043778
2 0.699404 0.578373 0.010712 0.016396
2 0.712318 0.598376 0.017718 0.042632
2 0.709915 0.610180 0.015717 0.032138
2 0.725931 0.582636 0.005905 0.008526
2 0.747252 0.593703 0.028728 0.040172
2 0.753659 0.597391 0.011312 0.019020
2 0.750005 0.632153 0.013813 0.042301
2 0.740997 0.643875 0.016417 0.036891
2 0.763218 0.634365 0.018017 0.053945
2 0.747653 0.571814 0.016917 0.030169
2 0.776382 0.585749 0.022523 0.064603
2 0.785191 0.542053 0.014515 0.049025
2 0.806162 0.541234 0.019420 0.032301
2 0.725380 0.518606 0.010210 0.024103
2 0.738593 0.522049 0.016017 0.034270
2 0.738293 0.539758 0.014613 0.019839
2 0.753409 0.520902 0.011812 0.029350
2 0.822178 0.580339 0.011012 0.059356
2 0.841847 0.535167 0.016717 0.048040
2 0.826933 0.509096 0.007308 0.034595
2 0.830336 0.617888 0.019718 0.051158
2 0.816922 0.639203 0.019720 0.044925
2 0.803859 0.656420 0.013615 0.030169
2 0.850857 0.648221 0.024323 0.063617
2 0.840296 0.608950 0.008808 0.018201
2 0.836542 0.590423 0.018518 0.035583
2 0.851657 0.584685 0.015715 0.042468
2 0.860316 0.595096 0.020822 0.040663
2 0.863219 0.623789 0.018618 0.059028
2 0.875582 0.632644 0.016917 0.080341
2 0.892749 0.641088 0.021222 0.067718
2 0.889596 0.605672 0.021522 0.053615
2 0.913720 0.619610 0.024727 0.103462
2 0.928084 0.642400 0.032432 0.072634
2 0.945102 0.640760 0.019420 0.065425
2 0.953009 0.626987 0.023425 0.086080
2 0.983289 0.608295 0.030932 0.073948
2 0.986893 0.626332 0.019120 0.045747
2 0.991247 0.588456 0.008208 0.013609
2 0.988967 0.543774 0.022065 0.062962
2 0.926382 0.583208 0.017018 0.076899
2 0.957567 0.495160 0.023932 0.107071
2 0.927583 0.472696 0.028830 0.045419
2 0.888794 0.455644 0.020922 0.050994
2 0.877032 0.551481 0.017618 0.082968
2 0.876532 0.439739 0.017818 0.058862
2 0.821327 0.453594 0.015115 0.039353
2 0.747453 0.418833 0.016718 0.025250
2 0.812117 0.317585 0.009708 0.055586
2 0.799655 0.314552 0.011410 0.058370
2 0.833990 0.312995 0.010410 0.054928
2 0.847153 0.328735 0.010110 0.034597
2 0.689077 0.434700 0.012347 0.027467
2 0.268130 0.432951 0.013613 0.044106
2 0.280092 0.419917 0.016517 0.030497
2 0.294658 0.430573 0.014215 0.037057
2 0.305017 0.414668 0.012112 0.032793
2 0.115825 0.452381 0.009427 0.039350
2 0.124793 0.476975 0.016683 0.092640
2 0.122582 0.434072 0.005588 0.013937
2 0.152654 0.478137 0.016852 0.093871
2 0.161913 0.453337 0.010010 0.055203
2 0.167711 0.411869 0.015932 0.073920
2 0.186813 0.425463 0.013763 0.074333
2 0.198033 0.425258 0.011678 0.090046
2 0.210838 0.423346 0.013263 0.074739
2 0.210170 0.387068 0.013430 0.021589
2 0.178681 0.384540 0.011178 0.078291
2 0.191277 0.358100 0.014180 0.033066
2 0.191652 0.380715 0.018937 0.038122
2 0.205749 0.360971 0.014765 0.024322
2 0.210671 0.376410 0.016098 0.027600
2 0.216511 0.373473 0.011762 0.052607
2 0.237322 0.361517 0.012845 0.034434
2 0.218554 0.336376 0.015182 0.058752
2 0.255173 0.346623 0.013180 0.059574
2 0.283036 0.331456 0.012178 0.058752
2 0.266393 0.326537 0.013597 0.056295
2 0.547061 0.375580 0.013815 0.025744
2 0.784239 0.280191 0.011262 0.032520
2 0.805302 0.281966 0.009510 0.039077
2 0.776627 0.301155 0.006017 0.016724
2 0.759253 0.334642 0.014530 0.033931
2 0.700476 0.381637 0.011532 0.023808
2 0.585497 0.364947 0.011512 0.026235
2 0.347450 0.369975 0.009093 0.022817
2 0.356626 0.384117 0.017935 0.042359
2 0.297207 0.297052 0.014182 0.026645
2 0.293579 0.329161 0.011428 0.045774
2 0.309929 0.330868 0.010928 0.037439
3 0.266671 0.360209 0.011772 0.034040
2 0.480744 0.477992 0.015115 0.033287
2 0.829585 0.375366 0.011913 0.024595
0 0.258761 0.428918 0.047118 0.051682
0 0.273395 0.404608 0.047740 0.049981
0 0.291453 0.381658 0.041100 0.050999
0 0.326013 0.324708 0.051270 0.062219
0 0.145324 0.325880 0.100878 0.071433
1 0.339112 0.288396 0.062617 0.053833
2 0.889556 0.356133 0.011112 0.028695
2 0.769585 0.313011 0.012813 0.026072
2 0.364418 0.432705 0.012412 0.026563
2 0.385508 0.382499 0.015417 0.033778
2 0.421935 0.356297 0.017717 0.030497
2 0.319147 0.419095 0.015183 0.036072
2 0.365619 0.072383 0.020612 0.116167
2 0.390123 0.075572 0.018883 0.108376
2 0.446557 0.074863 0.016720 0.111207
2 0.334413 0.076398 0.031135 0.106249
2 0.301691 0.079586 0.025658 0.101291
2 0.263060 0.063647 0.015567 0.066110
2 0.220465 0.059515 0.020323 0.037540
2 0.678343 0.074745 0.022485 0.099874
0 0.206890 0.099085 0.162733 0.067322
