4 0.534720 0.572049 0.012857 0.007204
4 0.747165 0.935868 0.089881 0.070046
4 0.627152 0.856083 0.016508 0.037189
4 0.600030 0.856773 0.032491 0.038171
2 0.411472 0.844273 0.021940 0.010662
2 0.492335 0.592817 0.007604 0.012071
2 0.504288 0.623342 0.011627 0.020969
2 0.513451 0.628371 0.009478 0.022679
2 0.583648 0.648344 0.011375 0.026000
0 0.507040 0.572835 0.023292 0.012570
0 0.543891 0.688840 0.044585 0.036618
2 0.480963 0.823493 0.014420 0.013445
2 0.456075 0.809885 0.021836 0.031481
4 0.556122 0.659998 0.025064 0.018345
0 0.492974 0.721974 0.038576 0.035799
2 0.557757 0.651633 0.021836 0.016725
2 0.500673 0.697790 0.014194 0.020906
2 0.487977 0.907362 0.045421 0.076409
2 0.509595 0.885800 0.032317 0.053617
0 0.237610 0.935971 0.335980 0.128057
0 0.346520 0.923737 0.263979 0.152526
0 0.507770 0.588479 0.025476 0.017080
0 0.494877 0.680980 0.034724 0.030026
2 0.612035 0.958769 0.197723 0.082463
2 0.327900 0.965568 0.122256 0.068863
2 0.669768 0.906628 0.026415 0.076217
2 0.639579 0.904220 0.027923 0.060065
2 0.826363 0.951118 0.129803 0.097764
2 0.565825 0.897196 0.025548 0.034105
2 0.591488 0.898999 0.055017 0.057058
0 0.548662 0.827100 0.162027 0.049845
2 0.615689 0.813901 0.029719 0.017215
0 0.493211 0.654408 0.028753 0.023776
0 0.540706 0.626055 0.033849 0.022271
0 0.514137 0.570376 0.027660 0.014209
2 0.086027 0.960327 0.124519 0.079347
