2 0.933247 0.820613 0.033748 0.188492
2 0.174302 0.759821 0.015514 0.025299
2 0.119325 0.760025 0.016059 0.026524
2 0.301268 0.807150 0.014151 0.070993
2 0.327532 0.816942 0.024222 0.146065
2 0.313109 0.761455 0.013338 0.021213
2 0.569084 0.809598 0.035929 0.119950
2 0.962233 0.807150 0.029665 0.144431
2 0.870784 0.773287 0.009526 0.036719
2 0.841933 0.830405 0.028579 0.180333
2 0.861801 0.791647 0.019325 0.076706
2 0.886979 0.827753 0.046813 0.165236
2 0.135906 0.862942 0.090470 0.274117
2 0.242214 0.781455 0.062055 0.134639
2 0.262300 0.864167 0.065648 0.271666
2 0.395390 0.878608 0.050948 0.242784
2 0.428541 0.867593 0.062382 0.264815
2 0.462998 0.874692 0.030700 0.250616
2 0.629233 0.837341 0.026675 0.176254
2 0.767904 0.868485 0.044361 0.263030
2 0.823291 0.846725 0.035925 0.226034
2 0.985948 0.734723 0.028105 0.080383
2 0.908478 0.824488 0.025040 0.135864
2 0.707050 0.765717 0.004860 0.010629
2 0.715124 0.795427 0.010239 0.062571
2 0.727461 0.772703 0.011023 0.027744
2 0.728117 0.802706 0.009451 0.063752
2 0.793482 0.775063 0.015753 0.047813
2 0.752006 0.768275 0.006302 0.011810
2 0.754172 0.782439 0.015883 0.038957
2 0.679553 0.779098 0.007090 0.021251
2 0.584832 0.778017 0.006436 0.011307
2 0.670933 0.801015 0.022788 0.041942
0 0.399000 0.821097 0.102746 0.134978
0 0.544795 0.816559 0.075920 0.036600
3 0.020612 0.940424 0.035925 0.088127
2 0.651662 0.808218 0.011945 0.067687
2 0.054744 0.838001 0.027434 0.178215
2 0.086423 0.829679 0.024822 0.158630
2 0.184509 0.756354 0.010889 0.023256
2 0.199478 0.746358 0.009799 0.012238
2 0.349765 0.798790 0.007455 0.036700
2 0.345904 0.787574 0.005979 0.007970
2 0.504159 0.797480 0.005107 0.007241
2 0.526262 0.796933 0.008113 0.014343
2 0.542432 0.807841 0.013652 0.090113
2 0.580233 0.807250 0.020474 0.095229
2 0.596245 0.809711 0.019686 0.091490
2 0.656247 0.774274 0.019832 0.025380
2 0.689463 0.803988 0.019556 0.087951
2 0.018654 0.845101 0.030373 0.168906
2 0.704950 0.804085 0.015358 0.075952
