6 0.492933 0.774005 0.218254 0.050838
6 0.073274 0.762669 0.111680 0.031974
2 0.299157 0.757424 0.010754 0.008633
2 0.379145 0.760060 0.015923 0.012257
2 0.682829 0.771504 0.022318 0.016853
2 0.662485 0.761713 0.015334 0.012071
2 0.574354 0.766153 0.009415 0.010704
2 0.275625 0.772780 0.019127 0.025005
2 0.187465 0.809035 0.025360 0.079687
2 0.258628 0.807806 0.030390 0.090345
2 0.602841 0.807561 0.048538 0.077721
2 0.710187 0.770914 0.014864 0.016560
2 0.772275 0.784606 0.026673 0.051156
2 0.872275 0.769433 0.012209 0.019948
2 0.135643 0.893044 0.048958 0.210935
2 0.847965 0.830315 0.052259 0.077207
2 0.780279 0.833621 0.036518 0.117817
2 0.899329 0.771345 0.015668 0.022135
2 0.527973 0.789950 0.025959 0.048507
2 0.825771 0.762913 0.008089 0.022790
2 0.692369 0.832073 0.038257 0.108383
2 0.647333 0.827646 0.046128 0.116250
2 0.557482 0.824940 0.041319 0.111498
2 0.377447 0.815923 0.019676 0.088542
2 0.348262 0.802149 0.033449 0.062964
2 0.225069 0.823628 0.043287 0.103953
2 0.205394 0.770935 0.016396 0.017490
2 0.151830 0.768817 0.010929 0.010521
2 0.469220 0.773441 0.023228 0.029377
2 0.498596 0.780273 0.021558 0.040079
2 0.396700 0.764488 0.014550 0.011307
2 0.074172 0.880324 0.085949 0.239353
2 0.866230 0.905691 0.092480 0.188088
2 0.944838 0.909160 0.075615 0.180335
2 0.918181 0.807365 0.047328 0.054263
2 0.840094 0.792302 0.023925 0.031875
2 0.857409 0.782857 0.018257 0.023373
2 0.842945 0.769638 0.020222 0.025551
2 0.501209 0.903447 0.092477 0.190129
2 0.406852 0.820513 0.042632 0.101657
2 0.468284 0.815348 0.042632 0.087721
2 0.728442 0.773046 0.012460 0.012624
2 0.864532 0.768817 0.016763 0.016533
2 0.816169 0.793127 0.022669 0.040139
2 0.739041 0.825476 0.044074 0.109082
2 0.297541 0.796328 0.038257 0.054601
2 0.321146 0.887943 0.089216 0.211342
2 0.015729 0.798625 0.031458 0.043450
6 0.327419 0.750300 0.031882 0.007237
2 0.675693 0.769056 0.009263 0.008767
2 0.694593 0.770253 0.010324 0.012068
2 0.143269 0.764855 0.017126 0.026917
2 0.021536 0.851360 0.043072 0.150851
2 0.441412 0.777221 0.014392 0.039625
