2 0.774991 0.528073 0.032913 0.132190
2 0.924195 0.558878 0.049508 0.135048
2 0.970708 0.490198 0.021755 0.061815
2 0.917688 0.491428 0.017599 0.036399
2 0.878114 0.502250 0.014320 0.053782
2 0.861935 0.500201 0.014978 0.044761
2 0.125038 0.489509 0.006286 0.020085
0 0.137533 0.546513 0.146892 0.102816
0 0.232580 0.530031 0.085416 0.075071
0 0.354174 0.529216 0.091400 0.106896
0 0.326428 0.516180 0.079974 0.098776
0 0.416331 0.513712 0.055765 0.092208
0 0.380424 0.477604 0.020402 0.010202
0 0.436461 0.506164 0.048148 0.091799
0 0.467472 0.506776 0.026386 0.062017
0 0.470327 0.495351 0.029377 0.048144
0 0.479712 0.477604 0.020946 0.019174
0 0.521059 0.515160 0.087320 0.117952
0 0.685224 0.519832 0.082696 0.104447
0 0.647957 0.506980 0.037542 0.089353
0 0.625516 0.505756 0.022579 0.061608
0 0.578320 0.489456 0.015777 0.026560
0 0.564855 0.484336 0.011153 0.019586
0 0.820283 0.522687 0.093303 0.116687
0 0.758807 0.505553 0.035090 0.075071
0 0.743981 0.499840 0.040803 0.065281
1 0.494265 0.452105 0.057125 0.022848
2 0.610759 0.489522 0.008124 0.025620
2 0.051041 0.549033 0.042975 0.164098
2 0.034432 0.488825 0.008502 0.020544
2 0.160762 0.542539 0.043291 0.129386
2 0.219008 0.549741 0.029751 0.135765
2 0.234434 0.547853 0.029437 0.124429
2 0.432108 0.538681 0.057668 0.161566
2 0.587297 0.539696 0.059027 0.157885
2 0.674480 0.535212 0.032642 0.117911
