2 0.029435 0.911325 0.058870 0.177350
2 0.199710 0.828459 0.051220 0.106243
2 0.280171 0.836781 0.052845 0.075888
2 0.598862 0.805915 0.039893 0.067660
2 0.481450 0.782796 0.053947 0.073098
2 0.633684 0.730236 0.008658 0.021643
2 0.615254 0.742533 0.006952 0.019085
2 0.617090 0.726793 0.009313 0.012790
2 0.604433 0.730727 0.007083 0.012395
2 0.527566 0.742435 0.011805 0.022825
2 0.513138 0.738598 0.011018 0.016725
2 0.515432 0.721973 0.004853 0.009050
2 0.525861 0.713020 0.004722 0.008460
2 0.510907 0.716364 0.007347 0.017118
2 0.569016 0.736139 0.007345 0.011018
2 0.674087 0.788771 0.051940 0.106053
2 0.711273 0.808447 0.028202 0.106840
2 0.700910 0.742631 0.022693 0.045253
2 0.744655 0.737221 0.014953 0.018692
2 0.759347 0.742336 0.011807 0.020657
2 0.904260 0.795705 0.037537 0.061200
2 0.980608 0.887749 0.038783 0.130722
2 0.984362 0.790072 0.031277 0.091065
2 0.968888 0.773182 0.029702 0.059240
2 0.955668 0.797173 0.036557 0.070990
2 0.855107 0.795546 0.050547 0.103358
2 0.855787 0.759676 0.042387 0.064257
2 0.781328 0.807446 0.040347 0.122398
2 0.748575 0.810845 0.037853 0.092480
2 0.674568 0.828355 0.048507 0.102340
2 0.636828 0.835325 0.069587 0.095200
2 0.543556 0.835835 0.039892 0.052020
2 0.549562 0.815095 0.070038 0.106420
2 0.514657 0.773615 0.017907 0.046580
2 0.453336 0.756484 0.010232 0.021447
2 0.788204 0.733581 0.017472 0.027387
6 0.614585 0.726895 0.208910 0.054390
2 0.712807 0.729440 0.013600 0.035700
2 0.345015 0.480355 0.045967 0.293350
2 0.243723 0.049194 0.030302 0.098388
2 0.183318 0.039654 0.068210 0.077328
2 0.212897 0.056468 0.057322 0.052750
2 0.266957 0.165767 0.045333 0.076840
2 0.222643 0.178687 0.036947 0.064600
2 0.192043 0.186167 0.036040 0.044880
0 0.586599 0.931726 0.826802 0.136548
5 0.129974 0.709298 0.259948 0.247460
0 0.297388 0.727926 0.067457 0.116687
5 0.338188 0.705486 0.025023 0.108528
2 0.436763 0.711456 0.014480 0.086653
2 0.135051 0.923663 0.095178 0.152675
2 0.145189 0.851225 0.104775 0.169400
2 0.238213 0.836536 0.027745 0.086168
2 0.413760 0.824328 0.044767 0.088400
2 0.442566 0.829852 0.031355 0.072250
2 0.475148 0.832542 0.039857 0.056665
2 0.220717 0.975967 0.078662 0.048065
2 0.384243 0.927497 0.096940 0.145005
2 0.513660 0.943899 0.144920 0.112202
2 0.654990 0.940471 0.140350 0.119058
2 0.752746 0.926273 0.087802 0.147455
2 0.827981 0.935820 0.067238 0.128360
2 0.898647 0.930925 0.104773 0.138150
2 0.916435 0.859890 0.037863 0.059730
2 0.794048 0.837503 0.062898 0.097750
2 0.870170 0.822769 0.065167 0.100582
2 0.936901 0.854700 0.050592 0.129255
2 0.622600 0.745386 0.017447 0.029513
2 0.462386 0.751564 0.007608 0.012003
2 0.455950 0.774125 0.032413 0.043520
2 0.488817 0.794525 0.045560 0.078200
2 0.584582 0.812375 0.049413 0.126140
2 0.387032 0.803928 0.029088 0.056100
2 0.377210 0.838494 0.072533 0.072533
2 0.367578 0.805485 0.017755 0.083015
2 0.341983 0.819369 0.047412 0.106247
2 0.308420 0.826010 0.036230 0.090575
2 0.221925 0.806181 0.017300 0.045043
2 0.124152 0.790514 0.016288 0.040147
