2 0.475765 0.800586 0.004463 0.014003
0 0.349498 0.968279 0.034845 0.024026
0 0.518416 0.918805 0.027671 0.017308
0 0.604838 0.940155 0.023229 0.009452
0 0.601850 0.950801 0.028865 0.015484
0 0.551779 0.716193 0.017078 0.009679
0 0.552348 0.709931 0.013093 0.006072
0 0.597253 0.777204 0.019784 0.011959
0 0.583447 0.753293 0.020355 0.012904
0 0.622019 0.710452 0.015230 0.008066
0 0.652407 0.704664 0.015940 0.011102
0 0.668417 0.751775 0.019784 0.013853
0 0.673471 0.736213 0.015088 0.008919
0 0.587918 0.675214 0.011840 0.007703
0 0.644716 0.664623 0.033608 0.009225
0 0.685240 0.623406 0.013045 0.005997
0 0.658751 0.614445 0.012059 0.004941
0 0.673182 0.605879 0.011466 0.006786
1 0.633484 0.616701 0.013934 0.011166
0 0.641756 0.609700 0.009885 0.004574
0 0.696806 0.587506 0.006725 0.004119
0 0.681704 0.583731 0.008376 0.003157
0 0.685925 0.580117 0.007893 0.003891
0 0.690387 0.576960 0.008168 0.004072
2 0.484448 0.800403 0.007001 0.013545
2 0.321351 0.930451 0.007115 0.008225
2 0.471613 0.804567 0.005080 0.013543
2 0.453110 0.802921 0.005692 0.012997
2 0.436847 0.801799 0.007481 0.012309
2 0.453355 0.816213 0.008237 0.011761
2 0.433483 0.837949 0.004599 0.003615
2 0.435474 0.829232 0.004736 0.011348
2 0.436092 0.819028 0.006795 0.010709
2 0.428643 0.819027 0.007276 0.014186
2 0.421301 0.819119 0.006864 0.013362
3 0.601696 0.865718 0.003552 0.007974
2 0.601601 0.862226 0.009490 0.014430
2 0.649099 0.966797 0.007332 0.017571
2 0.630236 0.998746 0.005355 0.002507
2 0.645021 0.998372 0.005764 0.003186
2 0.596299 0.978092 0.011504 0.018029
2 0.388544 0.890598 0.008184 0.012810
2 0.376150 0.876406 0.006167 0.011465
2 0.353733 0.876761 0.005692 0.008066
2 0.345311 0.878105 0.006167 0.009963
2 0.361441 0.870000 0.009014 0.011941
2 0.353198 0.899613 0.008657 0.012968
2 0.362925 0.920686 0.007233 0.015420
2 0.325562 0.945751 0.007236 0.010043
2 0.333034 0.945356 0.008659 0.010833
2 0.327163 0.938319 0.006880 0.012098
7 0.689372 0.570821 0.066421 0.039854
7 0.715084 0.530404 0.011311 0.017432
0 0.697368 0.540791 0.004185 0.002974
0 0.698432 0.536855 0.005080 0.002518
0 0.714768 0.538022 0.006864 0.004028
2 0.288503 0.968334 0.008202 0.015682
0 0.695158 0.572063 0.007548 0.002883
0 0.706448 0.587940 0.011111 0.006314
0 0.366321 0.955697 0.029207 0.018673
0 0.371018 0.943741 0.026987 0.013665
0 0.427978 0.993163 0.031597 0.013673
0 0.492626 0.964465 0.036549 0.025732
0 0.502354 0.937877 0.029388 0.024252
0 0.625676 0.883166 0.025278 0.013665
0 0.619529 0.896773 0.033817 0.020155
0 0.615940 0.910151 0.024594 0.015940
0 0.718098 0.603919 0.009060 0.005107
0 0.715713 0.609685 0.009877 0.004558
0 0.713733 0.617236 0.008400 0.004614
0 0.709124 0.631650 0.010700 0.005657
0 0.706242 0.636812 0.010865 0.007302
0 0.705537 0.640792 0.010294 0.005929
0 0.697139 0.670830 0.015561 0.008786
0 0.688528 0.677528 0.013510 0.007689
0 0.687029 0.554110 0.005948 0.004690
0 0.694677 0.543584 0.006672 0.004989
0 0.707993 0.548794 0.006178 0.003431
1 0.694163 0.555062 0.008582 0.006635
1 0.706655 0.569706 0.009677 0.007963
0 0.688671 0.570346 0.006798 0.003111
2 0.506943 0.712711 0.004575 0.009439
2 0.513901 0.713490 0.006482 0.009979
2 0.501914 0.708469 0.003576 0.007817
2 0.515737 0.700572 0.003766 0.005687
2 0.521934 0.698601 0.005198 0.008485
2 0.521623 0.690912 0.004004 0.006578
2 0.530394 0.690991 0.002957 0.006672
2 0.534589 0.691420 0.002575 0.006515
2 0.546510 0.685614 0.004720 0.006991
2 0.541577 0.680737 0.002097 0.003718
2 0.545271 0.681579 0.002337 0.003559
2 0.543961 0.676288 0.003718 0.006832
2 0.546653 0.674381 0.002906 0.005244
2 0.549705 0.670005 0.003480 0.002226
2 0.551468 0.668916 0.004148 0.002828
6 0.638104 0.574725 0.013387 0.009161
2 0.669205 0.595339 0.006178 0.004386
2 0.597093 0.821973 0.008731 0.010598
3 0.617423 0.799520 0.019081 0.006316
2 0.670887 0.739017 0.004274 0.006314
2 0.671744 0.663631 0.005150 0.008134
2 0.671786 0.617480 0.003261 0.006483
2 0.689973 0.613056 0.003718 0.006711
0 0.701747 0.579269 0.009199 0.003478
0 0.715166 0.576845 0.008579 0.004302
0 0.608853 0.929964 0.026472 0.016852
0 0.530501 0.740389 0.015799 0.011576
0 0.603729 0.715624 0.014802 0.009489
0 0.561315 0.783942 0.019073 0.013095
0 0.564945 0.772461 0.019784 0.012906
0 0.613053 0.754955 0.017222 0.012619
0 0.591205 0.744327 0.017078 0.012240
0 0.679521 0.713156 0.010676 0.005693
0 0.643381 0.631051 0.012158 0.006920
1 0.670015 0.678843 0.019698 0.017892
5 0.658229 0.629400 0.017297 0.013682
1 0.645909 0.620475 0.013523 0.010021
0 0.684141 0.587140 0.008582 0.004484
0 0.661489 0.575357 0.006659 0.004165
0 0.672507 0.575929 0.007823 0.004028
0 0.700649 0.582405 0.008376 0.003250
2 0.488464 0.749198 0.006795 0.006223
2 0.486782 0.756772 0.010021 0.012493
2 0.485807 0.739468 0.006506 0.010707
2 0.495319 0.743148 0.006424 0.009281
2 0.499478 0.741666 0.006012 0.010817
2 0.487686 0.732141 0.005051 0.007185
2 0.493166 0.733954 0.004575 0.008898
2 0.497481 0.727027 0.006624 0.007562
2 0.490879 0.727043 0.004861 0.006451
2 0.512663 0.725675 0.003910 0.008932
2 0.499554 0.717033 0.004097 0.009060
0 0.554710 0.796685 0.024768 0.014005
0 0.378192 0.935373 0.030401 0.015600
0 0.387074 0.925353 0.029378 0.014462
0 0.390573 0.914991 0.021685 0.016054
0 0.398944 0.908500 0.026130 0.015372
0 0.403726 0.900701 0.028862 0.012979
0 0.393905 0.961220 0.031084 0.022888
0 0.440532 0.960138 0.031426 0.023000
0 0.470422 0.931842 0.032452 0.018787
0 0.498603 0.896090 0.026645 0.020609
0 0.475803 0.886752 0.021007 0.018333
0 0.546597 0.875878 0.026645 0.017308
0 0.494419 0.859823 0.028181 0.019129
0 0.451808 0.839728 0.024931 0.015141
0 0.503471 0.841377 0.021007 0.011615
0 0.551636 0.853846 0.023742 0.017194
0 0.562823 0.842345 0.020155 0.015370
0 0.589382 0.833349 0.017593 0.017650
0 0.538655 0.818433 0.017252 0.013551
0 0.508340 0.829364 0.022545 0.013551
0 0.517903 0.799647 0.020497 0.014688
0 0.585966 0.797425 0.023400 0.011841
0 0.578451 0.813309 0.020326 0.015144
0 0.646514 0.835912 0.018787 0.010021
0 0.638231 0.850486 0.023742 0.016624
0 0.600741 0.967596 0.029378 0.020609
0 0.557117 0.708649 0.011242 0.008253
0 0.600528 0.732180 0.015799 0.010532
0 0.627071 0.721222 0.019928 0.013474
0 0.678524 0.720368 0.015515 0.009489
0 0.579768 0.680571 0.012585 0.008275
0 0.644073 0.648446 0.020855 0.007577
0 0.616298 0.639089 0.019471 0.013510
0 0.672194 0.599652 0.015024 0.004350
0 0.703476 0.599487 0.011365 0.006261
0 0.643885 0.607641 0.007962 0.003294
0 0.645291 0.605398 0.009679 0.002929
0 0.647487 0.602790 0.008718 0.004117
0 0.654591 0.594347 0.009060 0.004988
0 0.664064 0.587918 0.009196 0.004576
0 0.674153 0.579888 0.008098 0.003981
0 0.659740 0.579041 0.008651 0.003478
0 0.687196 0.574282 0.007826 0.002929
0 0.697285 0.584395 0.007001 0.003478
2 0.451124 0.779445 0.007345 0.010981
2 0.437910 0.778850 0.008373 0.010616
2 0.475800 0.757206 0.005628 0.005673
