0 0.755782 0.976678 0.071221 0.046644
0 0.519931 0.636806 0.012966 0.007928
0 0.508957 0.635130 0.012478 0.010156
0 0.494102 0.636254 0.015040 0.007248
0 0.470018 0.634637 0.017762 0.009499
0 0.445834 0.634608 0.013129 0.010761
0 0.437461 0.634690 0.008008 0.008183
7 0.495598 0.681521 0.092956 0.070367
0 0.512474 0.675611 0.007668 0.010122
0 0.522307 0.680515 0.008370 0.010596
0 0.531675 0.688903 0.009899 0.011082
0 0.514873 0.690240 0.009424 0.011071
0 0.504425 0.697555 0.010066 0.009410
0 0.520844 0.698899 0.010242 0.012416
0 0.535007 0.698503 0.010126 0.010992
1 0.508434 0.657682 0.011120 0.017593
1 0.502997 0.673793 0.012048 0.012784
1 0.487363 0.659884 0.011608 0.016539
1 0.463269 0.673754 0.012390 0.016473
5 0.475464 0.680409 0.013266 0.020692
1 0.484682 0.673458 0.006438 0.008501
0 0.460392 0.686406 0.007316 0.010017
0 0.469659 0.694709 0.006828 0.009094
0 0.470858 0.724842 0.012622 0.014922
0 0.463940 0.700084 0.012377 0.016887
0 0.450043 0.726887 0.009103 0.013762
0 0.467703 0.732467 0.011165 0.014100
0 0.478504 0.745584 0.009953 0.011806
0 0.443423 0.777578 0.022720 0.017234
0 0.411701 0.845696 0.039323 0.033527
0 0.459676 0.809808 0.039150 0.043446
0 0.515253 0.820906 0.040546 0.037778
0 0.535574 0.916466 0.047061 0.030940
0 0.541739 0.945875 0.063418 0.049638
0 0.616861 0.923265 0.053101 0.071062
0 0.621644 0.895385 0.052095 0.046580
0 0.590436 0.885524 0.029447 0.039774
0 0.604405 0.862575 0.039762 0.023119
0 0.580496 0.845407 0.046308 0.040460
0 0.657254 0.846256 0.044292 0.038079
0 0.686196 0.895726 0.045299 0.047940
0 0.722562 0.925476 0.052097 0.052358
0 0.734642 0.959475 0.066188 0.067318
0 0.576858 0.827870 0.045616 0.025735
0 0.629194 0.964437 0.057128 0.071126
0 0.534697 0.857815 0.038766 0.029919
0 0.468428 0.659371 0.007338 0.008122
0 0.542794 0.635981 0.008209 0.008565
0 0.475999 0.689337 0.004780 0.008368
0 0.472610 0.692040 0.006976 0.010347
0 0.488413 0.700738 0.008049 0.012587
0 0.503485 0.706140 0.010096 0.010741
0 0.518238 0.710095 0.010146 0.010347
0 0.454352 0.775344 0.008254 0.019184
0 0.488517 0.736648 0.010801 0.012954
0 0.485118 0.750749 0.011529 0.015249
1 0.451560 0.755668 0.033984 0.037546
0 0.600626 0.815829 0.040371 0.037069
0 0.556839 0.978207 0.070970 0.043585
0 0.509135 0.777106 0.019225 0.032818
0 0.486328 0.770022 0.013457 0.015819
0 0.476978 0.772383 0.024468 0.018180
0 0.476016 0.791273 0.030233 0.032818
0 0.445782 0.765065 0.011011 0.008736
0 0.527136 0.891813 0.060912 0.062555
2 0.667034 0.810135 0.008700 0.029615
0 0.485511 0.681003 0.006537 0.008828
0 0.490973 0.686340 0.008779 0.012257
0 0.487145 0.689734 0.009317 0.012321
0 0.486029 0.726483 0.007282 0.007052
0 0.486756 0.718449 0.012866 0.012297
0 0.479353 0.705577 0.009951 0.013446
0 0.473345 0.717957 0.006190 0.009346
1 0.513067 0.756092 0.035477 0.041317
5 0.558682 0.760343 0.044915 0.045570
0 0.580965 0.774744 0.010835 0.022902
0 0.598005 0.772384 0.024641 0.033293
0 0.599927 0.778644 0.024643 0.026907
0 0.558770 0.782418 0.032506 0.033527
0 0.532903 0.797765 0.029010 0.027862
0 0.527835 0.780765 0.026215 0.024083
0 0.511407 0.781474 0.006293 0.026444
