2 0.324815 0.165127 0.021732 0.061200
2 0.510908 0.146156 0.016835 0.027338
2 0.496675 0.143097 0.015304 0.035903
2 0.376541 0.155744 0.010714 0.052222
2 0.366899 0.176144 0.018978 0.062831
2 0.895461 0.687237 0.085683 0.336293
2 0.786773 0.640000 0.103136 0.316554
2 0.739702 0.469033 0.067169 0.217146
2 0.803169 0.384079 0.052362 0.205162
2 0.654286 0.393596 0.045485 0.204454
2 0.507781 0.374560 0.035964 0.119854
2 0.483980 0.351295 0.032793 0.062040
2 0.500905 0.496176 0.052890 0.255923
2 0.372119 0.542707 0.094671 0.312325
2 0.281677 0.524377 0.104193 0.261564
2 0.239630 0.465155 0.051833 0.255919
2 0.189121 0.469033 0.069286 0.227014
2 0.210541 0.336842 0.049715 0.127606
2 0.145222 0.411926 0.068226 0.197404
2 0.083606 0.472910 0.097318 0.226310
2 0.021970 0.429198 0.043939 0.199521
2 0.195203 0.227219 0.045485 0.104358
2 0.645581 0.151868 0.021119 0.039577
2 0.671444 0.147176 0.012855 0.022851
2 0.416942 0.161863 0.014996 0.050592
2 0.405924 0.177776 0.025403 0.068542
2 0.433777 0.168188 0.019283 0.059974
2 0.462241 0.162680 0.018058 0.052226
2 0.541667 0.144524 0.014691 0.025701
2 0.252420 0.171625 0.025063 0.064144
5 0.617606 0.100407 0.038258 0.054398
0 0.554691 0.103948 0.017430 0.024649
0 0.526209 0.106498 0.018705 0.023519
0 0.493901 0.106073 0.021253 0.024931
0 0.420358 0.111739 0.040811 0.053267
0 0.098252 0.259636 0.195031 0.133168
0 0.662958 0.188644 0.091087 0.075397
0 0.518060 0.214595 0.202382 0.117503
5 0.845069 0.208717 0.309861 0.254590
6 0.673918 0.106068 0.059690 0.043915
6 0.138874 0.173084 0.195277 0.080374
