0 0.532499 0.484221 0.310033 0.090780
4 0.760135 0.510491 0.203543 0.074517
2 0.695902 0.435134 0.010247 0.012338
2 0.963737 0.467446 0.033963 0.073786
2 0.948555 0.435967 0.015347 0.015937
2 0.930851 0.462529 0.034821 0.075359
2 0.903259 0.462129 0.032168 0.071016
2 0.874191 0.458295 0.030098 0.067681
2 0.707611 0.481122 0.071706 0.095232
2 0.784629 0.455149 0.032755 0.027544
2 0.813697 0.444720 0.035413 0.037777
2 0.831697 0.469316 0.039543 0.063749
2 0.173506 0.419371 0.016643 0.014638
2 0.529207 0.466475 0.023375 0.012987
2 0.388627 0.451128 0.026205 0.043680
2 0.212280 0.421851 0.032578 0.023373
2 0.221133 0.446878 0.033287 0.047930
2 0.343340 0.472014 0.073431 0.088126
2 0.753310 0.479970 0.080793 0.096696
0 0.465800 0.428074 0.037949 0.011703
0 0.544723 0.432227 0.019329 0.005772
0 0.459326 0.435090 0.029068 0.017678
0 0.375443 0.438491 0.012238 0.018362
0 0.635247 0.450051 0.066802 0.042160
0 0.574315 0.455490 0.082606 0.039440
0 0.506748 0.432370 0.062718 0.024479
0 0.413944 0.430670 0.082098 0.027880
0 0.316040 0.448861 0.095352 0.084660
0 0.161252 0.505361 0.176583 0.186829
0 0.069261 0.559653 0.136396 0.281315
