2 0.298951 0.392165 0.064862 0.135365
2 0.408652 0.405279 0.136492 0.325718
2 0.582933 0.363824 0.101522 0.246193
2 0.775826 0.303756 0.072195 0.159897
2 0.833073 0.327871 0.060350 0.106608
2 0.926418 0.235651 0.078963 0.353638
2 0.954185 0.145973 0.091630 0.197970
2 0.970259 0.263994 0.059482 0.175127
2 0.538376 0.266107 0.040608 0.057530
2 0.152307 0.258918 0.078397 0.102370
6 0.502690 0.200118 0.994620 0.292725
2 0.253547 0.320676 0.055275 0.109137
2 0.783292 0.722732 0.433417 0.554535
2 0.589983 0.557335 0.270163 0.885330
2 0.724501 0.469576 0.154542 0.329103
2 0.848584 0.446734 0.131978 0.186973
2 0.938674 0.542757 0.122652 0.350255
2 0.969977 0.422199 0.060045 0.212353
2 0.492127 0.678544 0.170333 0.638747
2 0.289645 0.524567 0.242527 0.706430
2 0.318127 0.889399 0.200225 0.221202
2 0.112955 0.633054 0.225910 0.733892
2 0.028071 0.511455 0.056142 0.179355
2 0.178816 0.383283 0.078398 0.190355
