2 0.610840 0.404870 0.007323 0.010660
2 0.588336 0.472250 0.006832 0.054085
2 0.383779 0.579773 0.013125 0.033605
2 0.206556 0.772585 0.279188 0.454830
2 0.061951 0.794010 0.119572 0.411980
2 0.392446 0.844144 0.139595 0.311713
2 0.538855 0.822641 0.217147 0.354717
2 0.717225 0.787743 0.242997 0.424515
2 0.848594 0.783865 0.168265 0.432270
2 0.960017 0.805015 0.079965 0.389970
2 0.969183 0.639994 0.061633 0.120557
2 0.900060 0.722481 0.054050 0.215032
2 0.907110 0.639289 0.029610 0.071208
2 0.754121 0.665021 0.032902 0.098702
2 0.670223 0.673835 0.025850 0.055695
2 0.600662 0.688993 0.069093 0.132545
2 0.784943 0.655121 0.027577 0.057798
2 0.855209 0.648605 0.032112 0.036835
2 0.157429 0.693720 0.064302 0.079805
2 0.112712 0.665325 0.032313 0.071970
2 0.100146 0.674138 0.069848 0.153245
2 0.137530 0.671108 0.019040 0.052700
2 0.293602 0.801837 0.080293 0.396325
2 0.443843 0.673696 0.047327 0.089597
2 0.480889 0.662925 0.042432 0.083720
2 0.518915 0.677369 0.110650 0.191923
2 0.570649 0.643586 0.035252 0.035252
2 0.366655 0.690561 0.014167 0.044388
2 0.386173 0.673798 0.021407 0.029750
2 0.359650 0.727631 0.014323 0.042028
2 0.337298 0.688319 0.046750 0.121597
6 0.355478 0.667659 0.031167 0.043917
2 0.366812 0.670256 0.009443 0.018418
2 0.021583 0.123474 0.038148 0.056733
2 0.037651 0.143231 0.032465 0.093622
2 0.677465 0.391015 0.023173 0.079685
2 0.652706 0.394950 0.025032 0.071490
2 0.586553 0.474300 0.011918 0.065245
