2 0.422222 0.676092 0.009520 0.022032
2 0.433417 0.674523 0.008745 0.022135
2 0.419700 0.702643 0.017162 0.055094
2 0.488482 0.761624 0.041745 0.201447
2 0.526545 0.758196 0.035511 0.184164
2 0.591829 0.831975 0.099877 0.336050
2 0.660700 0.818756 0.087474 0.362488
2 0.755192 0.831485 0.069522 0.337029
2 0.818973 0.782482 0.042838 0.248538
2 0.811270 0.721285 0.071390 0.154699
2 0.711759 0.761573 0.036493 0.206719
2 0.692607 0.771094 0.030372 0.163877
2 0.872126 0.711769 0.051226 0.108450
2 0.918470 0.821184 0.142963 0.357632
2 0.559346 0.704357 0.020131 0.081287
2 0.578703 0.673743 0.009109 0.029105
2 0.571280 0.687064 0.009565 0.033064
2 0.548962 0.681735 0.011023 0.035254
2 0.554200 0.665886 0.005285 0.011205
2 0.558709 0.661855 0.003554 0.008880
2 0.538713 0.678047 0.008745 0.028146
2 0.511478 0.684469 0.008382 0.043178
2 0.501639 0.690345 0.018947 0.059573
2 0.477445 0.673326 0.011133 0.031787
2 0.464383 0.672567 0.009047 0.016795
2 0.466597 0.693538 0.014739 0.045450
2 0.471712 0.672203 0.004782 0.013553
2 0.501228 0.669061 0.007170 0.026491
2 0.499304 0.670168 0.004269 0.012412
2 0.507212 0.667876 0.005008 0.019371
2 0.622682 0.696677 0.013392 0.055079
2 0.267799 0.810187 0.051232 0.234772
2 0.304044 0.798637 0.030029 0.230602
2 0.353167 0.759471 0.021869 0.166953
2 0.431993 0.840200 0.061363 0.319599
2 0.403863 0.772175 0.033183 0.200327
2 0.389991 0.683639 0.008704 0.032231
