2 0.076739 0.558839 0.014276 0.026741
2 0.138264 0.556642 0.013137 0.021032
2 0.081677 0.531245 0.012889 0.023063
2 0.069843 0.530999 0.013218 0.024433
5 0.008399 0.442727 0.016798 0.026871
5 0.012273 0.425798 0.024546 0.015483
5 0.111255 0.658421 0.146938 0.117300
5 0.408075 0.766370 0.343126 0.151301
2 0.138529 0.724938 0.033979 0.038714
2 0.166474 0.726653 0.027354 0.038808
2 0.068750 0.984613 0.030923 0.030752
2 0.132349 0.984179 0.029039 0.031642
2 0.427211 0.963474 0.039617 0.058358
2 0.507932 0.975071 0.042581 0.049858
2 0.684393 0.978060 0.023548 0.043881
2 0.790494 0.979767 0.025664 0.040465
2 0.802902 0.969662 0.019174 0.060676
2 0.784571 0.939088 0.020589 0.050007
2 0.827082 0.934439 0.023828 0.049059
2 0.941474 0.910645 0.026339 0.053637
2 0.989171 0.909822 0.021658 0.054230
2 0.808472 0.807693 0.021458 0.044259
2 0.809409 0.787513 0.019908 0.014110
2 0.821201 0.787898 0.020643 0.028717
2 0.865915 0.796957 0.021949 0.040578
2 0.888272 0.800609 0.022279 0.032729
2 0.918790 0.794816 0.037289 0.046290
2 0.815634 0.748345 0.023915 0.039066
2 0.671218 0.749838 0.018763 0.039764
2 0.711029 0.752264 0.018839 0.041047
2 0.729660 0.752197 0.017883 0.040636
2 0.737549 0.744598 0.014212 0.038165
2 0.750775 0.749655 0.012781 0.037936
2 0.754411 0.724420 0.008499 0.005767
2 0.768963 0.750799 0.010400 0.034273
0 0.022686 0.619991 0.038407 0.033136
0 0.008256 0.580703 0.016512 0.027453
2 0.034981 0.506148 0.010481 0.017791
2 0.053291 0.509640 0.010675 0.021613
2 0.070427 0.508948 0.010670 0.020890
2 0.080121 0.508785 0.009498 0.020294
2 0.015494 0.495670 0.008126 0.022009
2 0.072630 0.492278 0.011166 0.017464
2 0.050108 0.487665 0.011749 0.019568
2 0.008202 0.486708 0.010378 0.019637
2 0.031947 0.485556 0.008126 0.018910
2 0.040416 0.486479 0.008812 0.017333
2 0.060626 0.467680 0.009546 0.016086
2 0.032962 0.468505 0.010524 0.015759
2 0.057970 0.451897 0.008499 0.014564
2 0.064060 0.462402 0.007646 0.011860
2 0.044935 0.449380 0.007030 0.014568
2 0.051677 0.450868 0.006582 0.017769
2 0.068080 0.448294 0.006863 0.015062
2 0.063777 0.445699 0.006517 0.013310
2 0.052613 0.431572 0.009806 0.013194
2 0.062500 0.431019 0.010086 0.014531
2 0.066752 0.419671 0.010880 0.013492
2 0.032327 0.420247 0.007430 0.012660
2 0.105864 0.586652 0.014492 0.027148
2 0.128531 0.580456 0.014590 0.025963
2 0.155016 0.587146 0.017819 0.025367
2 0.137146 0.586915 0.011258 0.025567
2 0.125643 0.587507 0.013510 0.028597
2 0.151833 0.616303 0.015567 0.016472
2 0.173278 0.620323 0.017138 0.025567
2 0.063928 0.559417 0.014444 0.026137
2 0.190853 0.623585 0.016253 0.029320
2 0.208526 0.622762 0.014784 0.028597
2 0.234525 0.619895 0.015864 0.030247
2 0.209800 0.598214 0.015767 0.028928
3 0.056660 0.542338 0.014293 0.014495
