0 0.047054 0.755310 0.094107 0.078703
0 0.095091 0.753178 0.069358 0.072473
0 0.133827 0.757687 0.040090 0.060175
0 0.155718 0.759491 0.039105 0.054602
0 0.178835 0.759983 0.045500 0.052960
0 0.200233 0.760638 0.033695 0.051977
0 0.229377 0.767771 0.032465 0.037712
0 0.239339 0.761295 0.046482 0.029350
0 0.422970 0.758115 0.086680 0.049247
0 0.433929 0.731926 0.067608 0.025525
0 0.454425 0.692311 0.062200 0.029225
0 0.551922 0.683533 0.120270 0.026283
0 0.549930 0.690792 0.056790 0.027897
0 0.573697 0.718689 0.069315 0.043268
0 0.638274 0.695650 0.064333 0.040137
0 0.568176 0.759841 0.076433 0.041182
0 0.683890 0.750021 0.077000 0.047348
0 0.799184 0.768212 0.023722 0.035583
0 0.844136 0.759317 0.064997 0.056853
0 0.890682 0.752820 0.054370 0.073063
0 0.975740 0.753712 0.048520 0.082638
0 0.731799 0.700831 0.067893 0.032072
0 0.708884 0.691343 0.055938 0.032262
0 0.699348 0.682660 0.049675 0.026663
0 0.678924 0.670847 0.052092 0.027137
0 0.653945 0.664868 0.024055 0.017270
0 0.540510 0.607931 0.027510 0.019988
0 0.458801 0.591374 0.028168 0.016528
0 0.526219 0.594093 0.025947 0.013618
0 0.534291 0.584099 0.023803 0.016035
0 0.535691 0.576548 0.021332 0.009940
0 0.524078 0.574078 0.023475 0.010158
0 0.526177 0.567900 0.024380 0.008457
0 0.572962 0.574434 0.026520 0.013178
0 0.580005 0.569547 0.020180 0.008237
0 0.574034 0.563535 0.019272 0.007523
0 0.565879 0.561037 0.017133 0.008127
0 0.271654 0.704202 0.067212 0.033440
0 0.285863 0.696925 0.058400 0.035253
0 0.297230 0.692066 0.058070 0.035198
0 0.311396 0.686904 0.046373 0.032672
0 0.325070 0.681441 0.032865 0.026028
0 0.328653 0.679025 0.042170 0.024490
0 0.334913 0.675648 0.039370 0.021582
0 0.339484 0.670294 0.044233 0.028225
0 0.361105 0.668180 0.013015 0.021470
0 0.365389 0.664720 0.019108 0.021690
0 0.373461 0.661865 0.019768 0.019273
0 0.414290 0.577388 0.028170 0.017297
0 0.573746 0.539481 0.023408 0.011578
0 0.487226 0.540075 0.022238 0.011943
0 0.490453 0.532388 0.020455 0.009107
0 0.491070 0.525935 0.019220 0.006727
0 0.482765 0.520650 0.022240 0.011440
0 0.454383 0.513146 0.022310 0.014735
0 0.456545 0.495528 0.021005 0.014187
0 0.458193 0.482648 0.016200 0.009288
0 0.459394 0.473610 0.018327 0.010433
0 0.485270 0.512231 0.019425 0.010798
0 0.491825 0.509257 0.016610 0.010983
0 0.491962 0.503239 0.017295 0.005812
0 0.490590 0.498297 0.019355 0.008832
0 0.549791 0.501432 0.015442 0.009243
0 0.572408 0.530832 0.022925 0.008923
0 0.569629 0.523557 0.022308 0.009930
0 0.568495 0.506191 0.018945 0.008785
0 0.564344 0.491204 0.021348 0.012675
0 0.561871 0.478139 0.018602 0.007322
0 0.519792 0.470808 0.018935 0.008885
0 0.478123 0.466499 0.036035 0.012698
0 0.492250 0.448958 0.016245 0.007055
0 0.536724 0.446707 0.016987 0.008045
0 0.567253 0.456250 0.010480 0.008147
0 0.567455 0.449046 0.013240 0.006955
0 0.566562 0.444951 0.012980 0.004255
0 0.565084 0.441999 0.011392 0.004668
0 0.565294 0.437652 0.012913 0.005857
0 0.525651 0.438613 0.018463 0.010433
0 0.543978 0.427951 0.015170 0.010068
0 0.523489 0.419233 0.017983 0.007000
0 0.565224 0.423283 0.021148 0.006680
0 0.560725 0.418067 0.012560 0.004760
0 0.560625 0.414817 0.010715 0.002378
0 0.559871 0.413102 0.010702 0.002973
0 0.554311 0.412805 0.010987 0.006223
0 0.558083 0.407747 0.011395 0.004165
0 0.559120 0.404864 0.012080 0.003615
0 0.557503 0.401616 0.011045 0.002975
0 0.459349 0.421751 0.032048 0.010662
0 0.481619 0.421773 0.023748 0.008603
0 0.495278 0.418387 0.014965 0.008693
0 0.487662 0.415344 0.010990 0.006268
0 0.495521 0.412324 0.011608 0.006452
0 0.496960 0.408892 0.011875 0.004987
0 0.487730 0.407679 0.011250 0.006042
0 0.451451 0.444858 0.012563 0.007550
0 0.454404 0.441655 0.011187 0.007917
0 0.458148 0.439505 0.009205 0.005903
0 0.457395 0.436210 0.012080 0.005720
0 0.457426 0.433144 0.007213 0.003798
0 0.458796 0.431337 0.008717 0.003387
0 0.459070 0.428408 0.009405 0.005217
0 0.411518 0.460667 0.026285 0.008467
0 0.461908 0.412919 0.014015 0.007435
0 0.463266 0.403465 0.011962 0.006577
0 0.465840 0.400128 0.012440 0.004290
0 0.465531 0.397523 0.007913 0.002638
0 0.464030 0.385130 0.011965 0.007150
0 0.466197 0.380236 0.012490 0.004798
0 0.467842 0.376470 0.010725 0.003750
0 0.469725 0.363502 0.011840 0.005643
0 0.495231 0.370143 0.012983 0.005720
0 0.492915 0.364081 0.013270 0.005872
0 0.533497 0.371308 0.013670 0.005758
0 0.535241 0.374948 0.012012 0.005643
0 0.552888 0.386428 0.013670 0.008008
0 0.551057 0.382804 0.011040 0.003888
0 0.550001 0.380477 0.011102 0.003508
0 0.550915 0.378057 0.010180 0.004157
0 0.548655 0.376302 0.008980 0.004005
0 0.548226 0.367875 0.010183 0.004613
0 0.546939 0.365035 0.011612 0.005110
0 0.546625 0.362174 0.009725 0.004272
0 0.532125 0.363242 0.011040 0.005338
0 0.529951 0.355902 0.011728 0.006217
0 0.545652 0.359657 0.009610 0.004425
0 0.545910 0.356340 0.010125 0.004803
0 0.545110 0.354394 0.011250 0.003305
1 0.952434 0.716293 0.095133 0.153567
1 0.477704 0.458401 0.060952 0.018395
1 0.531053 0.383161 0.017790 0.012905
2 0.065573 0.706044 0.013660 0.020958
2 0.049304 0.706342 0.010913 0.019447
2 0.055172 0.705609 0.007550 0.019265
2 0.083761 0.706800 0.014483 0.020180
2 0.033311 0.706319 0.010227 0.019128
2 0.118813 0.710438 0.013740 0.034397
2 0.127293 0.705477 0.008500 0.038022
2 0.136436 0.706993 0.015123 0.037493
2 0.171080 0.707882 0.025105 0.039800
2 0.191391 0.683271 0.016508 0.029718
2 0.217781 0.683139 0.017298 0.029585
2 0.349804 0.650920 0.009437 0.007283
2 0.815461 0.722598 0.016367 0.023802
2 0.396629 0.483054 0.006463 0.011898
2 0.405121 0.475771 0.007093 0.012278
2 0.411043 0.476457 0.006465 0.009532
2 0.410899 0.488718 0.006063 0.013232
2 0.405408 0.484351 0.005835 0.011592
2 0.400918 0.489480 0.005205 0.010717
2 0.419811 0.440433 0.006063 0.009913
2 0.595392 0.442702 0.004500 0.010753
2 0.591631 0.442402 0.005183 0.010393
2 0.523162 0.458344 0.010015 0.010825
2 0.604500 0.465250 0.007465 0.010617
2 0.613511 0.465597 0.005327 0.008592
2 0.550732 0.434337 0.006135 0.009590
2 0.536970 0.348117 0.003510 0.005680
2 0.540798 0.348207 0.003305 0.006140
2 0.514865 0.347618 0.003920 0.005807
