2 0.247009 0.638838 0.293346 0.656953
0 0.559173 0.931178 0.044145 0.029065
0 0.528518 0.992203 0.044368 0.015593
0 0.592729 0.998623 0.026978 0.002754
0 0.708327 0.918606 0.035665 0.028174
0 0.642224 0.853607 0.033666 0.020505
0 0.537991 0.830157 0.032552 0.022825
0 0.609451 0.794137 0.030098 0.019260
0 0.706661 0.778712 0.028315 0.018367
0 0.755041 0.803677 0.029655 0.020508
0 0.742891 0.834259 0.032998 0.023894
0 0.597299 0.749913 0.034335 0.022825
0 0.675780 0.726375 0.026310 0.018188
0 0.639995 0.709434 0.026529 0.016406
0 0.724161 0.722629 0.024078 0.017476
0 0.756935 0.701855 0.024078 0.017295
0 0.732411 0.652549 0.020513 0.011055
0 0.676003 0.648092 0.021847 0.011414
0 0.638657 0.631417 0.018950 0.008381
0 0.700862 0.636947 0.018953 0.010164
0 0.679792 0.616796 0.020067 0.011589
0 0.739770 0.603778 0.017390 0.009094
0 0.713683 0.592544 0.019618 0.013018
0 0.677897 0.582468 0.017613 0.008916
0 0.765519 0.587284 0.017167 0.011057
0 0.665003 0.571316 0.015556 0.009878
0 0.692230 0.570417 0.019246 0.012041
0 0.717766 0.573169 0.015055 0.009976
0 0.744269 0.559109 0.013440 0.009375
0 0.727173 0.549865 0.014084 0.011697
0 0.699594 0.556700 0.013333 0.008684
0 0.672123 0.559065 0.013654 0.009287
0 0.677068 0.551455 0.013226 0.008340
0 0.683681 0.533353 0.013761 0.008772
0 0.703733 0.541307 0.015592 0.009373
0 0.727280 0.532493 0.013010 0.008428
0 0.748516 0.540876 0.013761 0.010405
0 0.770288 0.529999 0.014301 0.009290
0 0.692280 0.522280 0.012619 0.008364
0 0.732228 0.522108 0.011795 0.008293
0 0.754417 0.510756 0.011148 0.009089
0 0.756145 0.504967 0.009853 0.006013
0 0.772413 0.500128 0.009118 0.005945
0 0.735317 0.507299 0.010714 0.006531
0 0.715894 0.507023 0.011105 0.006326
0 0.696169 0.506572 0.011752 0.007983
0 0.718552 0.501216 0.012445 0.008052
0 0.721728 0.496792 0.009811 0.005356
0 0.706302 0.493026 0.011194 0.008743
0 0.708333 0.486407 0.009811 0.005598
0 0.723585 0.488638 0.010846 0.007085
0 0.727518 0.484333 0.008858 0.005874
0 0.758587 0.485664 0.009029 0.005703
0 0.776476 0.480913 0.008947 0.005254
0 0.778182 0.484939 0.004148 0.002383
0 0.770966 0.473344 0.008123 0.005115
0 0.777967 0.471304 0.008468 0.004907
0 0.744889 0.478632 0.010931 0.007395
0 0.730391 0.476351 0.011062 0.006497
0 0.715507 0.473534 0.008425 0.005149
0 0.717062 0.467451 0.008165 0.006050
0 0.731537 0.469854 0.008080 0.004424
0 0.745214 0.470958 0.007088 0.004700
0 0.733958 0.464720 0.007561 0.005012
0 0.721186 0.462302 0.006743 0.004805
0 0.724383 0.460867 0.003980 0.002695
0 0.761589 0.468937 0.008556 0.006047
0 0.761244 0.464514 0.008208 0.003560
0 0.776239 0.464237 0.007173 0.004387
0 0.764225 0.462267 0.006740 0.004250
0 0.764895 0.459917 0.006267 0.003008
0 0.763620 0.456306 0.006825 0.003179
0 0.748994 0.456375 0.007305 0.003662
0 0.766775 0.453904 0.006047 0.004321
0 0.778376 0.455044 0.007735 0.004736
0 0.777642 0.451069 0.007909 0.004941
0 0.778701 0.448064 0.006395 0.003491
0 0.778075 0.445229 0.006267 0.002939
0 0.766841 0.447338 0.007302 0.004387
0 0.766213 0.444193 0.006566 0.003699
0 0.778097 0.442308 0.007347 0.003318
0 0.743657 0.448789 0.002851 0.006670
0 0.744176 0.444055 0.003541 0.003145
0 0.755713 0.440909 0.008727 0.004250
0 0.754394 0.438007 0.006352 0.002869
0 0.758629 0.436659 0.005574 0.002869
0 0.759710 0.434498 0.005574 0.003455
0 0.778916 0.437435 0.007259 0.003318
0 0.769583 0.434308 0.005791 0.002869
0 0.777880 0.434240 0.005186 0.003284
0 0.769864 0.431733 0.006004 0.002212
0 0.779048 0.431803 0.006654 0.003040
0 0.779998 0.428745 0.005876 0.003145
1 0.443523 0.982184 0.080079 0.035632
1 0.671049 0.976887 0.069301 0.046226
1 0.753020 0.449263 0.012543 0.014214
1 0.767692 0.438990 0.009634 0.008958
1 0.759808 0.429424 0.007998 0.009351
1 0.772353 0.426885 0.006838 0.007397
1 0.883376 0.486084 0.004139 0.004453
0 0.878687 0.486978 0.004505 0.002373
1 0.893561 0.475969 0.004063 0.004009
