2 0.417332 0.620440 0.020089 0.035418
2 0.449911 0.619001 0.030353 0.037726
2 0.508077 0.620853 0.018364 0.036935
2 0.583369 0.621520 0.031542 0.039487
2 0.617717 0.628719 0.039535 0.025576
2 0.676262 0.623252 0.018580 0.035658
2 0.687767 0.621794 0.023441 0.035904
2 0.716175 0.627443 0.019337 0.028006
2 0.736048 0.625804 0.017833 0.031528
2 0.769643 0.624680 0.023235 0.035235
2 0.335071 0.619746 0.024123 0.036668
2 0.282525 0.621970 0.024513 0.036304
2 0.234873 0.623318 0.032417 0.034188
2 0.164617 0.623172 0.026197 0.031711
2 0.014972 0.629114 0.029944 0.034262
2 0.003112 0.614024 0.006225 0.022015
2 0.067927 0.610853 0.016333 0.021943
2 0.083867 0.621314 0.023850 0.031200
2 0.108432 0.618252 0.021387 0.031930
2 0.137920 0.621530 0.023333 0.028146
2 0.030722 0.613732 0.020221 0.014143
2 0.131791 0.608740 0.013051 0.004355
2 0.150155 0.613577 0.011791 0.019090
2 0.174055 0.612082 0.011881 0.016401
2 0.193590 0.612844 0.012783 0.013673
2 0.206100 0.616182 0.013319 0.020656
2 0.220007 0.618157 0.017551 0.017821
2 0.218926 0.609474 0.008552 0.007948
2 0.226131 0.609474 0.006751 0.007441
2 0.254438 0.607351 0.008002 0.003199
2 0.567149 0.615041 0.007574 0.015566
2 0.623611 0.608969 0.007127 0.002533
0 0.263460 0.619577 0.063855 0.026637
0 0.293162 0.617065 0.042167 0.027277
0 0.378500 0.620693 0.068528 0.030354
0 0.523850 0.619328 0.059633 0.033765
0 0.549017 0.611313 0.030729 0.026830
0 0.657574 0.619044 0.044880 0.017734
0 0.628970 0.617623 0.027287 0.016711
0 0.461972 0.613140 0.026559 0.013027
0 0.483966 0.612515 0.018134 0.008620
0 0.425237 0.611132 0.012985 0.008488
0 0.408298 0.609228 0.012995 0.007234
0 0.441911 0.609877 0.008872 0.004725
0 0.456669 0.606982 0.009003 0.001753
0 0.469567 0.609133 0.012863 0.005521
0 0.497628 0.608258 0.012661 0.004379
2 0.865717 0.625620 0.023141 0.034429
2 0.893749 0.630440 0.031138 0.045254
2 0.907360 0.626683 0.029389 0.046042
0 0.928209 0.621281 0.143583 0.039352
