0 0.918694 0.193524 0.019587 0.020382
1 0.611821 0.782455 0.023838 0.018901
0 0.696518 0.446648 0.021087 0.014892
0 0.696584 0.430998 0.018936 0.014034
0 0.697287 0.416241 0.022538 0.017853
0 0.696540 0.386646 0.021306 0.017737
0 0.696167 0.370178 0.019770 0.015487
0 0.697792 0.352551 0.013973 0.016213
0 0.696957 0.338911 0.017750 0.015549
0 0.697660 0.324581 0.020474 0.015089
0 0.783118 0.455707 0.010501 0.032166
0 0.822057 0.459836 0.007782 0.026188
0 0.831263 0.462588 0.009491 0.031881
0 0.840815 0.463775 0.008604 0.030648
1 0.770876 0.460879 0.013856 0.063762
0 0.352035 0.861269 0.010113 0.021449
0 0.353355 0.834762 0.008746 0.023640
0 0.286078 0.815153 0.017218 0.013117
0 0.284984 0.828407 0.017581 0.010385
0 0.287215 0.843371 0.018220 0.014347
0 0.282979 0.870493 0.007197 0.021042
0 0.293457 0.878621 0.007561 0.020905
0 0.301337 0.876847 0.009656 0.020085
0 0.309763 0.874795 0.009384 0.022272
0 0.318782 0.875753 0.007744 0.021997
0 0.326571 0.874250 0.009111 0.023912
0 0.262891 0.758041 0.011296 0.033340
0 0.163088 0.540186 0.024816 0.013937
0 0.163032 0.553476 0.024687 0.018870
0 0.162324 0.566997 0.022848 0.017380
0 0.359566 0.459408 0.009182 0.031086
0 0.368486 0.463146 0.008395 0.032269
0 0.392953 0.472690 0.020597 0.015152
0 0.422534 0.368211 0.020991 0.017906
0 0.388229 0.365751 0.021646 0.018495
0 0.403645 0.326105 0.010495 0.030106
0 0.422929 0.322858 0.010495 0.031086
0 0.386590 0.351291 0.017579 0.014363
0 0.276656 0.334269 0.008395 0.025972
0 0.286036 0.331613 0.010365 0.028135
0 0.306633 0.333484 0.009576 0.025183
0 0.329590 0.299640 0.009576 0.014166
0 0.380687 0.281540 0.017316 0.020069
0 0.365863 0.279767 0.010495 0.015740
0 0.366846 0.299050 0.007740 0.013380
0 0.374977 0.260000 0.008009 0.024977
0 0.394985 0.260092 0.009182 0.033055
0 0.405809 0.261274 0.010102 0.028726
0 0.416434 0.263732 0.008790 0.026563
0 0.425420 0.263437 0.009184 0.028726
0 0.406858 0.208640 0.019810 0.022626
0 0.385672 0.206379 0.009708 0.031875
0 0.374390 0.205000 0.011283 0.038169
0 0.364091 0.201853 0.008003 0.032269
0 0.354580 0.201556 0.008658 0.030498
0 0.385711 0.168413 0.011041 0.030823
0 0.396206 0.165626 0.013009 0.031152
0 0.405825 0.179809 0.010386 0.026397
0 0.415666 0.183991 0.011916 0.028858
0 0.466893 0.260742 0.010058 0.023937
0 0.595430 0.100444 0.010659 0.037302
0 0.603675 0.070315 0.009474 0.038532
0 0.614697 0.086235 0.008927 0.028557
0 0.684118 0.140404 0.016530 0.015543
0 0.785657 0.142175 0.019153 0.017509
0 0.936216 0.312444 0.009255 0.037966
0 0.919416 0.179460 0.020117 0.012297
0 0.973318 0.220737 0.021941 0.016053
0 0.974646 0.238898 0.026116 0.023455
0 0.993283 0.184870 0.013435 0.020156
0 0.991347 0.168416 0.017306 0.017991
0 0.990891 0.152247 0.018218 0.016626
0 0.990815 0.125548 0.018370 0.021293
0 0.916341 0.103629 0.011843 0.035070
0 0.904969 0.795275 0.018827 0.015146
0 0.924783 0.807402 0.017613 0.015255
0 0.905651 0.778878 0.018827 0.014689
0 0.907664 0.762027 0.014652 0.013092
0 0.971277 0.869330 0.009019 0.009703
1 0.942424 0.458069 0.054309 0.023218
0 0.464182 0.054113 0.010714 0.031975
0 0.051574 0.243094 0.008746 0.017900
0 0.024548 0.638410 0.022444 0.020401
0 0.022745 0.781257 0.024230 0.016228
0 0.136233 0.833128 0.010568 0.026250
0 0.251738 0.946721 0.009679 0.025430
0 0.264771 0.938894 0.010566 0.033305
