2 0.612179 0.549893 0.006334 0.014770
2 0.616388 0.550881 0.003698 0.009060
2 0.620415 0.554450 0.009334 0.015321
2 0.627480 0.560216 0.005969 0.027511
3 0.620223 0.562922 0.011115 0.011661
2 0.648243 0.548969 0.008349 0.020497
2 0.688413 0.539149 0.004428 0.018315
2 0.692082 0.532601 0.004174 0.015085
2 0.698250 0.534689 0.005630 0.010911
2 0.704765 0.534925 0.003604 0.011576
0 0.511100 0.907826 0.138175 0.184348
0 0.578556 0.820548 0.066368 0.126480
0 0.453981 0.992281 0.118047 0.015438
0 0.333485 0.987997 0.086496 0.024006
0 0.559067 0.667411 0.057119 0.063240
0 0.520421 0.617262 0.047826 0.083980
0 0.677922 0.565905 0.032618 0.021747
0 0.689861 0.570111 0.030819 0.026418
0 0.697528 0.550275 0.017991 0.021063
0 0.712027 0.544298 0.014044 0.017308
0 0.725918 0.539686 0.020116 0.019928
1 0.476084 0.765777 0.109343 0.229621
1 0.176450 0.799045 0.350878 0.401910
2 0.664944 0.543097 0.004272 0.024025
3 0.717257 0.782196 0.036266 0.105059
2 0.253654 0.816018 0.027472 0.097511
2 0.076991 0.832950 0.021759 0.035088
2 0.010071 0.928715 0.020142 0.142569
2 0.418633 0.708393 0.008973 0.070361
2 0.425323 0.710401 0.009760 0.062569
2 0.437679 0.678643 0.011490 0.020304
2 0.476244 0.636026 0.015269 0.040374
2 0.676457 0.849983 0.013599 0.018715
2 0.583307 0.621349 0.010324 0.042585
2 0.554803 0.613835 0.009489 0.043723
2 0.628815 0.671791 0.016017 0.062626
2 0.693454 0.672589 0.012452 0.060120
2 0.707950 0.670311 0.015335 0.064677
2 0.688100 0.637747 0.010399 0.026189
2 0.694740 0.636436 0.011239 0.029036
2 0.705217 0.627897 0.011083 0.046114
2 0.718882 0.628239 0.009868 0.040879
2 0.691821 0.615940 0.009033 0.023798
2 0.683773 0.605921 0.008123 0.029947
2 0.692503 0.599658 0.009489 0.019925
2 0.700360 0.614120 0.008501 0.038144
2 0.706698 0.595900 0.007060 0.029263
2 0.719299 0.597210 0.008577 0.024597
2 0.574353 0.610446 0.008175 0.043253
2 0.585475 0.591153 0.009758 0.033924
2 0.593752 0.591349 0.007112 0.034001
2 0.589748 0.582376 0.005219 0.018267
2 0.601688 0.591112 0.006959 0.032102
2 0.589036 0.572253 0.007064 0.011782
2 0.592648 0.570317 0.004060 0.009965
2 0.602215 0.576484 0.008223 0.019768
2 0.596944 0.571938 0.005483 0.012572
2 0.600977 0.565967 0.006483 0.010753
2 0.602796 0.563081 0.006115 0.010361
2 0.612390 0.569802 0.006432 0.030443
2 0.605088 0.552441 0.005746 0.022292
