0 0.510118 0.548804 0.006343 0.004164
1 0.530920 0.542575 0.008060 0.006788
0 0.509540 0.537504 0.006513 0.005264
0 0.521967 0.532824 0.004687 0.002143
0 0.541955 0.540154 0.004383 0.002745
0 0.540108 0.538508 0.004690 0.002302
0 0.537265 0.536174 0.003457 0.002362
0 0.528925 0.535871 0.003690 0.002195
0 0.515855 0.533511 0.004610 0.002636
0 0.516475 0.543144 0.005483 0.003998
0 0.539940 0.549605 0.006533 0.004119
0 0.539812 0.547111 0.007430 0.003707
0 0.542950 0.553060 0.009227 0.004714
0 0.544487 0.555119 0.008073 0.004348
0 0.546667 0.557110 0.008073 0.005767
0 0.553712 0.557498 0.013070 0.007643
0 0.532092 0.553837 0.009417 0.004164
0 0.533340 0.557086 0.011020 0.006086
0 0.521712 0.550771 0.008137 0.002790
0 0.519760 0.553151 0.008840 0.004621
0 0.516203 0.548094 0.006473 0.004026
0 0.512585 0.546402 0.005637 0.002929
0 0.511528 0.551846 0.004677 0.003936
0 0.508100 0.550223 0.006020 0.003250
0 0.507970 0.553517 0.007560 0.003890
0 0.504672 0.556355 0.008777 0.006086
0 0.496152 0.552374 0.009803 0.004348
0 0.495902 0.556765 0.012737 0.004255
0 0.481203 0.557631 0.021680 0.013833
0 0.466922 0.556382 0.015943 0.009450
0 0.407637 0.564045 0.037460 0.016852
0 0.601488 0.560483 0.017003 0.011767
0 0.589997 0.558111 0.020060 0.010817
0 0.617297 0.558443 0.028960 0.015276
0 0.628588 0.562239 0.027630 0.014517
0 0.662993 0.562855 0.045167 0.021824
0 0.692685 0.571443 0.054863 0.024195
2 0.401243 0.553462 0.004487 0.003414
2 0.702365 0.556518 0.008457 0.007740
2 0.799873 0.565079 0.013773 0.024048
2 0.818713 0.568905 0.016260 0.030333
2 0.880310 0.580582 0.034240 0.046879
2 0.961228 0.566036 0.020850 0.016943
2 0.993670 0.590220 0.012660 0.030607
2 0.980835 0.584688 0.018363 0.033476
2 0.961802 0.588513 0.028883 0.053698
2 0.394785 0.557565 0.007750 0.010202
2 0.362848 0.556855 0.008743 0.017000
2 0.355763 0.558949 0.007860 0.015974
2 0.320647 0.562838 0.016420 0.025733
2 0.263098 0.561870 0.011957 0.023798
2 0.252738 0.568475 0.011957 0.039283
2 0.031555 0.575101 0.052797 0.059683
2 0.154250 0.568542 0.019053 0.040993
2 0.246202 0.566938 0.004623 0.033705
