0 0.881805 0.639080 0.236390 0.145316
0 0.885453 0.681541 0.229094 0.230558
0 0.556715 0.597720 0.034207 0.014762
0 0.335348 0.583164 0.013503 0.008849
0 0.358120 0.581409 0.011214 0.005187
0 0.342958 0.581638 0.007667 0.004271
0 0.337587 0.597852 0.018500 0.015891
0 0.337397 0.590194 0.014494 0.008836
2 0.072466 0.610012 0.054900 0.097986
2 0.126186 0.599092 0.036601 0.060404
2 0.150536 0.603518 0.022727 0.062176
2 0.166328 0.603814 0.019480 0.065915
2 0.179167 0.597812 0.022138 0.055092
2 0.269486 0.603027 0.029812 0.065915
2 0.243512 0.592599 0.026268 0.048991
2 0.400110 0.588281 0.005141 0.009423
2 0.404510 0.588874 0.005831 0.006656
2 0.429864 0.593617 0.008106 0.006128
2 0.419832 0.591378 0.011170 0.009423
2 0.441776 0.589697 0.009391 0.007643
2 0.472913 0.594935 0.007020 0.003229
2 0.368281 0.588413 0.007119 0.007578
2 0.385975 0.587357 0.005141 0.009817
2 0.391561 0.588445 0.004448 0.008303
0 0.394655 0.612245 0.075265 0.044926
0 0.462174 0.607736 0.052391 0.024102
0 0.446431 0.598963 0.036156 0.015084
0 0.518255 0.610195 0.065182 0.035253
2 0.219162 0.635984 0.071429 0.147175
0 0.567945 0.614458 0.054346 0.038531
0 0.640377 0.617819 0.115605 0.065915
0 0.715152 0.609211 0.066410 0.039844
0 0.734214 0.609458 0.049439 0.030498
0 0.804684 0.638069 0.182016 0.087392
