2 0.971476 0.854526 0.057048 0.037202
2 0.783953 0.928759 0.065870 0.025783
2 0.787389 0.901475 0.059472 0.024358
2 0.564544 0.992732 0.077716 0.014536
2 0.616204 0.959916 0.068700 0.020082
2 0.606366 0.938487 0.061370 0.027206
2 0.626980 0.814796 0.075585 0.018664
2 0.461595 0.834410 0.068476 0.026256
2 0.453420 0.853549 0.058287 0.021512
2 0.511707 0.922433 0.053075 0.035589
2 0.407097 0.988382 0.057578 0.023236
2 0.420839 0.965772 0.058524 0.027997
2 0.462186 0.899419 0.049760 0.027839
2 0.407216 0.874111 0.068239 0.024674
2 0.372740 0.854023 0.068950 0.025941
2 0.014884 0.977556 0.029768 0.012337
2 0.026493 0.944498 0.052987 0.024676
2 0.136037 0.922274 0.075585 0.021670
2 0.119568 0.900684 0.075822 0.019931
2 0.052395 0.913575 0.064210 0.022935
2 0.101442 0.874980 0.065159 0.027681
2 0.017846 0.845482 0.035691 0.030370
2 0.026968 0.815509 0.053936 0.022935
2 0.133300 0.783927 0.078532 0.024086
2 0.966767 0.450154 0.053554 0.025256
2 0.786451 0.423425 0.064365 0.037387
2 0.757218 0.444414 0.056994 0.028863
2 0.393638 0.373569 0.063872 0.038703
2 0.568052 0.382423 0.068798 0.035425
2 0.901007 0.041596 0.051863 0.034392
2 0.839933 0.025084 0.055273 0.029153
2 0.699532 0.122233 0.045374 0.030735
2 0.612354 0.078723 0.058686 0.038036
2 0.209743 0.009011 0.050496 0.018022
2 0.387910 0.198308 0.049472 0.033597
2 0.340711 0.183694 0.058572 0.032456
2 0.266359 0.174298 0.067954 0.029230
2 0.138125 0.213873 0.070229 0.037771
2 0.012126 0.299476 0.024253 0.016893
2 0.192433 0.296913 0.061130 0.029610
2 0.175514 0.274231 0.055729 0.021069
2 0.162009 0.394759 0.085585 0.040429
2 0.126468 0.356322 0.064543 0.026953
2 0.095476 0.322632 0.059995 0.034356
2 0.049273 0.355848 0.068239 0.027142
2 0.032882 0.411556 0.065763 0.023917
2 0.130021 0.632301 0.066533 0.028091
2 0.138409 0.504087 0.069091 0.021069
2 0.211342 0.485675 0.049472 0.023726
2 0.269486 0.486530 0.083309 0.024674
2 0.423309 0.525630 0.077623 0.030370
2 0.406533 0.499816 0.070797 0.023157
